STARTMETADATA
REVISEDDATA=FALSE
OBJECTNUMBER=2167
OBJECTNAME=Erin
MPCDESIG=1971 LA
SESSIONDATE=2007-02-05
SESSIONTIME=13:05:00
CONTACTNAME=J. Oey
CONTACTINFO=julianoey1@optusnet.com.au
OBSERVERS=Oey, J.
OBSLONGITUDE=+105.341667
OBSLATITUDE=-33.706667
OBJECTRA=10:25
OBJECTDEC=-01
PHASE=+11.33
PABL=+153.5
PABB=-8.2
FILTER=C
MAGBAND=R
CICORRECTION=FALSE
CIBAND=NONE
CITARGET=+0.000
DIFFERMAGS=TRUE
MAGADJUST=0.0
STANDARD=NONE
LTCAPP=NONE
LTCDAYS=-0.006709
LTCTYPE=NONE
REDUCEDMAGS=NONE
UCORMAG=-1.9367
PUBLICATION=
BIBCODE=
DELIMITER=PIPE
COMPNAME1=X:525.70/Y:257.89
COMPRA1=
COMPDEC1=
COMPMAG1=0.0
COMPCI1=0.0
COMPNAME2=X:433.51/Y:426.37
COMPRA2=
COMPDEC2=
COMPMAG2=0.0
COMPCI2=0.0
COMPNAME3=X:458.28/Y:455.39
COMPRA3=
COMPDEC3=
COMPMAG3=0.0
COMPCI3=0.0
COMPNAME4=X:626.30/Y:433.19
COMPRA4=
COMPDEC4=
COMPMAG4=0.0
COMPCI4=0.0
ENDMETADATA
DATA=2454137.0459|1.428|0.099|1.421
DATA=2454137.04676|1.37|0.086|1.416
DATA=2454137.04762|1.334|0.086|1.411
DATA=2454137.04848|1.303|0.087|1.406
DATA=2454137.04934|1.422|0.092|1.402
DATA=2454137.0502|1.457|0.091|1.397
DATA=2454137.05107|1.487|0.098|1.393
DATA=2454137.05194|1.471|0.099|1.388
DATA=2454137.05354|1.267|0.082|1.38
DATA=2454137.0544|1.322|0.087|1.375
DATA=2454137.05526|1.27|0.082|1.371
DATA=2454137.05613|1.296|0.086|1.367
DATA=2454137.05698|1.254|0.082|1.363
DATA=2454137.05785|1.299|0.087|1.359
DATA=2454137.05871|1.269|0.081|1.355
DATA=2454137.05957|1.207|0.078|1.351
DATA=2454137.06044|1.324|0.086|1.347
DATA=2454137.0613|1.298|0.087|1.343
DATA=2454137.06216|1.197|0.083|1.339
DATA=2454137.06303|1.24|0.088|1.336
DATA=2454137.0639|1.219|0.078|1.332
DATA=2454137.06476|1.226|0.077|1.329
DATA=2454137.06562|1.24|0.076|1.325
DATA=2454137.06649|1.23|0.073|1.322
DATA=2454137.06736|1.184|0.074|1.318
DATA=2454137.06822|1.058|0.072|1.315
DATA=2454137.06909|1.131|0.07|1.311
DATA=2454137.06996|1.168|0.07|1.308
DATA=2454137.07082|1.172|0.07|1.305
ENDDATA
