STARTMETADATA
REVISEDDATA=FALSE
OBJECTNUMBER=8566
OBJECTNAME=1996 EN
MPCDESIG=1996 EN
SESSIONDATE=2009-04-02
SESSIONTIME=08:20:00
CONTACTNAME=B. A. Skiff
CONTACTINFO=B. A. Skiff, Lowell Observatory, 1400 West Mars Hill Road, Flagstaff, AZ 86001 USA
OBSERVERS=Koehn, B.W.
OBSLONGITUDE=-111.536694
OBSLATITUDE=+35.095833
OBJECTRA=10:56
OBJECTDEC=+40
PHASE=+34.14
PABL=+164.8
PABB=+21.6
FILTER=CLEAR
MAGBAND=SR
CICORRECTION=FALSE
CIBAND=NONE
CITARGET=+0.000
DIFFERMAGS=FALSE
MAGADJUST=0.0
STANDARD=INTERNAL
LTCAPP=NONE
LTCDAYS=-0.003109
LTCTYPE=NONE
REDUCEDMAGS=NONE
UCORMAG=+0.6147
PUBLICATION=
BIBCODE=
COMMENT=The long/lat are for the CONTACT's location, not necessarily the observer's
DELIMITER=PIPE
COMPNAME1=105714.22 +400810.9
COMPRA1=
COMPDEC1=
COMPMAG1=15.984
COMPCI1=0.326
COMPNAME2=105721.82 +401654.6
COMPRA2=
COMPDEC2=
COMPMAG2=15.212
COMPCI2=0.493
COMPNAME3=105602.39 +402056.4
COMPRA3=
COMPDEC3=
COMPMAG3=15.436
COMPCI3=0.328
COMPNAME4=105611.77 +402536.2
COMPRA4=
COMPDEC4=
COMPMAG4=15.651
COMPCI4=0.456
COMPNAME5=105605.19 +402414.3
COMPRA5=
COMPDEC5=
COMPMAG5=15.855
COMPCI5=0.363
ENDMETADATA
DATA=2454923.75471|17.135|0.02|
DATA=2454923.76185|17.222|0.023|
DATA=2454923.76898|17.194|0.022|
DATA=2454923.77611|17.132|0.021|
DATA=2454923.78324|17.183|0.022|
DATA=2454923.79039|17.19|0.022|
DATA=2454923.79755|17.164|0.022|
DATA=2454923.80469|17.207|0.023|
DATA=2454923.81186|17.185|0.023|
DATA=2454923.82285|17.141|0.022|
DATA=2454923.84483|17.104|0.02|
DATA=2454923.85579|17.159|0.02|
DATA=2454923.8778|17.132|0.019|
DATA=2454923.88877|17.174|0.02|
DATA=2454923.89975|17.2|0.022|
DATA=2454923.91073|17.136|0.022|
DATA=2454923.9217|17.16|0.023|
DATA=2454923.9326|17.148|0.024|
DATA=2454923.94107|17.195|0.026|
DATA=2454923.94953|17.235|0.029|
DATA=2454923.95799|17.181|0.03|
ENDDATA
