STARTMETADATA
REVISEDDATA=FALSE
OBJECTNUMBER=67747
OBJECTNAME=2000 UF43
MPCDESIG=2000 UF43
SESSIONDATE=2013-07-08
SESSIONTIME=14:00:00
CONTACTNAME=J. Oey
CONTACTINFO=J. Oey, 94 Rawson Pde. NSW 2780
OBSERVERS=J. Oey
OBSLONGITUDE=+150.341667
OBSLATITUDE=-33.706667
OBJECTRA=16:40
OBJECTDEC=-16
PHASE=+17.17
PABL=+259.5
PABB=+4.2
FILTER=C
MAGBAND=R
CICORRECTION=FALSE
CIBAND=NONE
CITARGET=+0.000
DIFFERMAGS=FALSE
MAGADJUST=0.0
STANDARD=INTERNAL
LTCAPP=NONE
LTCDAYS=-0.006346
LTCTYPE=NONE
REDUCEDMAGS=NONE
UCORMAG=-1.7262
PUBLICATION=
BIBCODE=
COMMENT=Observer Instrumentation: 0.61m f6.8 CDK/SBIG ST 8300
DELIMITER=PIPE
COMPNAME1=164018.04 -164933.3
COMPRA1=16:40:18.05
COMPDEC1=-16:49:33.4
COMPMAG1=15.393
COMPCI1=0.492
COMPNAME2=164023.04 -164707.0
COMPRA2=16:40:23.04
COMPDEC2=-16:47:07.1
COMPMAG2=15.808
COMPCI2=0.478
COMPNAME3=164036.14 -164649.6
COMPRA3=16:40:36.14
COMPDEC3=-16:46:49.7
COMPMAG3=14.923
COMPCI3=0.458
COMPNAME4=164006.65 -164838.7
COMPRA4=16:40:06.65
COMPDEC4=-16:48:38.8
COMPMAG4=14.668
COMPCI4=0.479
COMPNAME5=164005.03 -165115.9
COMPRA5=16:40:05.03
COMPDEC5=-16:51:16.0
COMPMAG5=14.444
COMPCI5=0.491
ENDMETADATA
DATA=2456481.9285|17.857|0.03|
DATA=2456481.93333|17.863|0.018|
DATA=2456481.93716|17.768|0.017|
DATA=2456481.941|17.724|0.017|
DATA=2456481.94488|17.794|0.017|
DATA=2456481.94904|17.787|0.017|
DATA=2456481.95285|17.79|0.017|
DATA=2456481.95671|17.821|0.018|
DATA=2456481.96056|17.834|0.017|
DATA=2456481.96435|18.001|0.02|
DATA=2456481.97936|17.859|0.017|
DATA=2456481.98322|17.756|0.016|
DATA=2456481.98708|17.747|0.015|
DATA=2456481.99094|17.762|0.015|
DATA=2456481.99505|17.857|0.017|
DATA=2456481.99885|17.754|0.015|
DATA=2456482.00259|17.736|0.015|
DATA=2456482.00693|17.704|0.015|
DATA=2456482.01484|17.749|0.016|
DATA=2456482.01874|17.888|0.018|
DATA=2456482.03046|17.955|0.021|
DATA=2456482.03424|17.941|0.02|
DATA=2456482.03806|18.063|0.023|
DATA=2456482.05217|17.918|0.02|
DATA=2456482.05595|17.849|0.019|
DATA=2456482.05978|17.898|0.02|
DATA=2456482.06364|17.829|0.018|
DATA=2456482.06753|17.819|0.019|
DATA=2456482.07154|17.741|0.017|
DATA=2456482.07529|17.815|0.019|
ENDDATA
