STARTMETADATA
REVISEDDATA=FALSE
OBJECTNUMBER=2672
OBJECTNAME=Pisek
MPCDESIG=1979 KC
SESSIONDATE=2000-05-31
SESSIONTIME=07:00:00
CONTACTNAME=B. D. Warner
CONTACTINFO=brian@MinorPlanetObserver.com
OBSERVERS=Warner, B.D.
OBSLONGITUDE=+0.000000
OBSLATITUDE=+0.000000
OBJECTRA=
OBJECTDEC=
PHASE=+13.39
PABL=+232.7
PABB=+18.2
FILTER=C
MAGBAND=R
CICORRECTION=FALSE
CIBAND=NONE
CITARGET=+0.000
DIFFERMAGS=FALSE
MAGADJUST=0.0
STANDARD=INTERNAL
LTCAPP=NONE
LTCDAYS=-0.007956
LTCTYPE=NONE
REDUCEDMAGS=NONE
UCORMAG=-2.5090
PUBLICATION=
BIBCODE=
DELIMITER=PIPE
COMPNAME1=152517.00 +045939.5
COMPRA1=
COMPDEC1=
COMPMAG1=14.932
COMPCI1=0.0
COMPNAME2=152530.73 +045706.6
COMPRA2=
COMPDEC2=
COMPMAG2=13.571
COMPCI2=0.0
COMPNAME3=152534.60 +045550.8
COMPRA3=
COMPDEC3=
COMPMAG3=14.438
COMPCI3=0.0
COMPNAME4=152538.93 +045833.8
COMPRA4=
COMPDEC4=
COMPMAG4=14.456
COMPCI4=0.0
COMPNAME5=152540.91 +045814.0
COMPRA5=
COMPDEC5=
COMPMAG5=15.012
COMPCI5=0.0
ENDMETADATA
DATA=2451695.65226|15.178|0.035|1.429
DATA=2451695.65543|15.152|0.033|1.412
DATA=2451695.65835|15.195|0.034|1.398
DATA=2451695.66123|15.173|0.032|1.385
DATA=2451695.66516|15.19|0.032|1.368
DATA=2451695.66822|15.163|0.031|1.355
DATA=2451695.67107|15.161|0.031|1.344
DATA=2451695.67391|15.178|0.031|1.334
DATA=2451695.67675|15.186|0.031|1.324
DATA=2451695.67957|15.164|0.031|1.314
DATA=2451695.68529|15.146|0.03|1.297
DATA=2451695.68813|15.184|0.031|1.289
DATA=2451695.69096|15.172|0.031|1.282
DATA=2451695.69381|15.194|0.032|1.275
DATA=2451695.69666|15.194|0.031|1.269
DATA=2451695.69948|15.144|0.03|1.263
DATA=2451695.70233|15.148|0.029|1.257
DATA=2451695.70517|15.162|0.03|1.252
DATA=2451695.70802|15.187|0.031|1.247
DATA=2451695.71085|15.16|0.029|1.243
DATA=2451695.7137|15.191|0.03|1.239
DATA=2451695.71654|15.147|0.029|1.235
DATA=2451695.71953|15.195|0.03|1.232
DATA=2451695.72237|15.205|0.03|1.229
DATA=2451695.72521|15.167|0.029|1.227
DATA=2451695.72804|15.208|0.031|1.225
DATA=2451695.73089|15.212|0.03|1.224
DATA=2451695.73657|15.215|0.03|1.222
DATA=2451695.74223|15.194|0.029|1.221
DATA=2451695.74509|15.175|0.029|1.221
DATA=2451695.74792|15.188|0.029|1.222
DATA=2451695.75365|15.202|0.03|1.224
DATA=2451695.75932|15.212|0.03|1.228
DATA=2451695.76216|15.192|0.03|1.231
DATA=2451695.76499|15.199|0.03|1.234
DATA=2451695.76784|15.232|0.032|1.237
DATA=2451695.77068|15.19|0.03|1.241
DATA=2451695.77353|15.203|0.03|1.245
DATA=2451695.77637|15.182|0.029|1.249
DATA=2451695.77921|15.195|0.029|1.254
DATA=2451695.78206|15.165|0.029|1.259
DATA=2451695.7849|15.199|0.03|1.265
DATA=2451695.78772|15.152|0.029|1.271
DATA=2451695.79059|15.154|0.029|1.278
DATA=2451695.79343|15.164|0.029|1.285
DATA=2451695.79627|15.186|0.03|1.293
DATA=2451695.79911|15.176|0.029|1.301
DATA=2451695.80207|15.205|0.029|1.31
DATA=2451695.80632|15.175|0.03|1.324
DATA=2451695.80918|15.169|0.03|1.333
DATA=2451695.81203|15.187|0.03|1.344
DATA=2451695.81486|15.213|0.031|1.355
DATA=2451695.81771|15.177|0.03|1.367
ENDDATA
