STARTMETADATA
REVISEDDATA=FALSE
OBJECTNUMBER=4835
OBJECTNAME=1989 BQ
MPCDESIG=1989 BQ
SESSIONDATE=2013-03-07
SESSIONTIME=04:12:00
CONTACTNAME=R. D. Stephens
CONTACTINFO=R. D. Stephens, 11355 Mount Johnson Court, Rancho Cucamonga, CA 91737
OBSERVERS=R. D. Stephens
OBSLONGITUDE=-111.535917
OBSLATITUDE=+35.096833
OBJECTRA=10:46
OBJECTDEC=+22
PHASE=+4.46
PABL=+155.8
PABB=+12.3
FILTER=C
MAGBAND=V
CICORRECTION=FALSE
CIBAND=NONE
CITARGET=+0.000
DIFFERMAGS=FALSE
MAGADJUST=0.0
STANDARD=INTERNAL
LTCAPP=NONE
LTCDAYS=-0.017910
LTCTYPE=NONE
REDUCEDMAGS=NONE
UCORMAG=-5.4994
PUBLICATION=
BIBCODE=
COMMENT=Heliocentric ecliptic longitude/latitude: +154.23/+13.92
COMMENT=Earth/Sun distances (AU): +4.0561/+3.1029
COMMENT=Observer Instrumentation: 72-inch Perkins/
DELIMITER=PIPE
COMPNAME1=104605.40 +225257.4
COMPRA1=10:46:05.40
COMPDEC1=+22:52:57.1
COMPMAG1=+16.416
COMPCI1=+0.432
COMPNAME2=104614.18 +225742.9
COMPRA2=10:46:14.17
COMPDEC2=+22:57:43.0
COMPMAG2=+17.146
COMPCI2=+0.469
COMPNAME3=104640.37 +224840.5
COMPRA3=10:46:40.38
COMPDEC3=+22:48:40.2
COMPMAG3=+17.907
COMPCI3=+0.442
COMPNAME4=104637.77 +225828.4
COMPRA4=10:46:37.78
COMPDEC4=+22:58:28.8
COMPMAG4=+16.468
COMPCI4=+0.473
COMPNAME5=104552.39 +225500.8
COMPRA5=10:45:52.41
COMPDEC5=+22:55:00.7
COMPMAG5=+16.004
COMPCI5=+0.486
ENDMETADATA
DATA=2456358.653912|+16.660|+0.005|1.477
DATA=2456358.656829|+16.656|+0.005|1.453
DATA=2456358.659734|+16.663|+0.006|1.431
DATA=2456358.662384|+16.660|+0.005|1.411
DATA=2456358.665198|+16.666|+0.004|1.391
DATA=2456358.668484|+16.665|+0.004|1.369
DATA=2456358.671620|+16.663|+0.004|1.349
DATA=2456358.674757|+16.661|+0.004|1.330
DATA=2456358.677941|+16.661|+0.005|1.311
DATA=2456358.681100|+16.657|+0.004|1.294
DATA=2456358.684120|+16.661|+0.004|1.278
DATA=2456358.687083|+16.664|+0.004|1.263
DATA=2456358.690452|+16.665|+0.004|1.247
DATA=2456358.693843|+16.665|+0.004|1.231
DATA=2456358.696959|+16.665|+0.004|1.217
ENDDATA
