STARTMETADATA
REVISEDDATA=FALSE
OBJECTNUMBER=16432
OBJECTNAME=1988 VL2
MPCDESIG=1988 VL2
SESSIONDATE=2011-12-29
SESSIONTIME=14:00:00
CONTACTNAME=J. Oey
CONTACTINFO=J. Oey, 94 Rawson Pde. NSW 2780
OBSERVERS=J. Oey
OBSLONGITUDE=+150.341667
OBSLATITUDE=-33.706667
OBJECTRA=08:03
OBJECTDEC=+05
PHASE=+12.27
PABL=+116.3
PABB=-11.8
FILTER=C
MAGBAND=R
CICORRECTION=FALSE
CIBAND=NONE
CITARGET=+0.000
DIFFERMAGS=FALSE
MAGADJUST=0.0
STANDARD=INTERNAL
LTCAPP=NONE
LTCDAYS=-0.007410
LTCTYPE=NONE
REDUCEDMAGS=NONE
UCORMAG=-2.2540
PUBLICATION=
BIBCODE=
COMMENT=Observer Instrumentation: 0.35m f/11 SCT/SBIG ST-8XME
DELIMITER=PIPE
COMPNAME1=080310.44 +051630.3
COMPRA1=08:03:10.42
COMPDEC1=+05:16:30.2
COMPMAG1=13.905
COMPCI1=0.609
COMPNAME2=080317.51 +051814.0
COMPRA2=08:03:17.50
COMPDEC2=+05:18:13.9
COMPMAG2=14.392
COMPCI2=0.601
COMPNAME3=080335.01 +051613.3
COMPRA3=08:03:35.02
COMPDEC3=+05:16:13.5
COMPMAG3=15.329
COMPCI3=0.53
COMPNAME4=080340.45 +051511.1
COMPRA4=08:03:40.47
COMPDEC4=+05:15:11.2
COMPMAG4=15.067
COMPCI4=0.791
COMPNAME5=080324.24 +051340.6
COMPRA5=08:03:24.21
COMPDEC5=+05:13:40.7
COMPMAG5=14.95
COMPCI5=0.841
ENDMETADATA
DATA=2455925.02368|16.198|0.01|
DATA=2455925.02724|16.22|0.009|
DATA=2455925.0308|16.23|0.012|
DATA=2455925.03436|16.232|0.01|
DATA=2455925.03795|16.219|0.008|
DATA=2455925.04154|16.213|0.008|
DATA=2455925.04509|16.23|0.008|
DATA=2455925.04866|16.197|0.008|
DATA=2455925.05221|16.175|0.008|
DATA=2455925.05577|16.187|0.008|
DATA=2455925.05937|16.173|0.011|
DATA=2455925.06296|16.151|0.015|
ENDDATA
