STARTMETADATA
REVISEDDATA=FALSE
OBJECTNUMBER=4299
OBJECTNAME=WIYN
MPCDESIG=1952 QX
SESSIONDATE=2006-10-22
SESSIONTIME=14:58:56
CONTACTNAME=D. Higgins
CONTACTINFO=higginsdj@bigpond.com
OBSERVERS=Higgins, D.
OBSLONGITUDE=+129.100000
OBSLATITUDE=-35.150000
OBJECTRA=03:18
OBJECTDEC=+08
PHASE=+11.77
PABL=+44.2
PABB=-7.1
FILTER=C
MAGBAND=R
CICORRECTION=FALSE
CIBAND=NONE
CITARGET=+0.000
DIFFERMAGS=TRUE
MAGADJUST=0.0
STANDARD=NONE
LTCAPP=NONE
LTCDAYS=-0.005304
LTCTYPE=NONE
REDUCEDMAGS=NONE
UCORMAG=-1.1835
PUBLICATION=
BIBCODE=
DELIMITER=PIPE
COMPNAME1=Comp1
COMPRA1=
COMPDEC1=
COMPMAG1=0.0
COMPCI1=0.0
COMPNAME2=Comp2
COMPRA2=
COMPDEC2=
COMPMAG2=0.0
COMPCI2=0.0
COMPNAME3=Comp3
COMPRA3=
COMPDEC3=
COMPMAG3=0.0
COMPCI3=0.0
COMPNAME4=Comp4
COMPRA4=
COMPDEC4=
COMPMAG4=0.0
COMPCI4=0.0
COMPNAME5=Comp5
COMPRA5=
COMPDEC5=
COMPMAG5=0.0
COMPCI5=0.0
ENDMETADATA
DATA=2454030.99784|0.764|0.006|0.0
DATA=2454031.01841|0.747|0.006|0.0
DATA=2454031.02149|0.747|0.006|0.0
DATA=2454031.04175|0.738|0.005|0.0
DATA=2454031.04483|0.744|0.005|0.0
DATA=2454031.06503|0.752|0.005|0.0
DATA=2454031.06881|0.747|0.005|0.0
DATA=2454031.0888|0.744|0.005|0.0
DATA=2454031.09189|0.743|0.005|0.0
DATA=2454031.11221|0.753|0.005|0.0
DATA=2454031.11528|0.741|0.005|0.0
DATA=2454031.13574|0.743|0.005|0.0
DATA=2454031.1388|0.738|0.005|0.0
DATA=2454031.15292|0.736|0.005|0.0
DATA=2454031.156|0.742|0.005|0.0
DATA=2454031.15974|0.736|0.005|0.0
DATA=2454031.1635|0.725|0.005|0.0
DATA=2454031.16726|0.717|0.005|0.0
DATA=2454031.17034|0.724|0.005|0.0
DATA=2454031.17528|0.713|0.005|0.0
DATA=2454031.17838|0.711|0.005|0.0
DATA=2454031.18215|0.724|0.005|0.0
DATA=2454031.1862|0.72|0.005|0.0
DATA=2454031.18994|0.716|0.005|0.0
DATA=2454031.19302|0.718|0.005|0.0
DATA=2454031.19792|0.712|0.005|0.0
DATA=2454031.201|0.709|0.005|0.0
DATA=2454031.20475|0.708|0.005|0.0
DATA=2454031.20783|0.712|0.005|0.0
DATA=2454031.2125|0.705|0.005|0.0
DATA=2454031.21557|0.707|0.005|0.0
DATA=2454031.22028|0.712|0.005|0.0
DATA=2454031.22339|0.7|0.005|0.0
DATA=2454031.22715|0.707|0.005|0.0
DATA=2454031.23023|0.716|0.005|0.0
DATA=2454031.23493|0.696|0.005|0.0
DATA=2454031.23869|0.704|0.005|0.0
DATA=2454031.24344|0.709|0.006|0.0
DATA=2454031.24652|0.693|0.006|0.0
DATA=2454031.25027|0.682|0.006|0.0
DATA=2454031.25432|0.701|0.007|0.0
DATA=2454031.25821|0.694|0.009|0.0
DATA=2454031.26129|0.689|0.011|0.0
ENDDATA
