STARTMETADATA
REVISEDDATA=FALSE
OBJECTNUMBER=25755
OBJECTNAME=2000 BR14
MPCDESIG=2000 BR14
SESSIONDATE=2013-08-06
SESSIONTIME=08:59:00
CONTACTNAME=R. D. Stephens
CONTACTINFO=R. D. Stephens, 11355 Mount Johnson Court, Rancho Cucamonga, CA 91737
OBSERVERS=R. D. Stephens
OBSLONGITUDE=-116.383611
OBSLATITUDE=+34.291111
OBJECTRA=23:59
OBJECTDEC=-05
PHASE=+14.74
PABL=+350.5
PABB=-4.1
FILTER=C
MAGBAND=V
CICORRECTION=FALSE
CIBAND=NONE
CITARGET=+0.000
DIFFERMAGS=FALSE
MAGADJUST=0.0
STANDARD=INTERNAL
LTCAPP=NONE
LTCDAYS=-0.011302
LTCTYPE=NONE
REDUCEDMAGS=NONE
UCORMAG=-3.6773
PUBLICATION=
BIBCODE=
COMMENT=Heliocentric ecliptic longitude/latitude: +357.82/-4.73
COMMENT=Earth/Sun distances (AU): +2.7773/+1.9582
COMMENT=Observer Instrumentation: .35m F/11 SCT/SBIG STL-1001e
DELIMITER=PIPE
COMPNAME1=235957.06 -050802.2
COMPRA1=23:59:57.07
COMPDEC1=-05:08:02.5
COMPMAG1=+15.434
COMPCI1=+0.323
COMPNAME2=235921.62 -050743.9
COMPRA2=23:59:21.64
COMPDEC2=-05:07:44.0
COMPMAG2=+15.752
COMPCI2=+0.379
COMPNAME3=235923.75 -050323.1
COMPRA3=23:59:23.75
COMPDEC3=-05:03:23.0
COMPMAG3=+15.475
COMPCI3=+0.487
COMPNAME4=000028.29 -051253.3
COMPRA4=00:00:28.30
COMPDEC4=-05:12:53.4
COMPMAG4=+15.676
COMPCI4=+0.369
ENDMETADATA
DATA=2456510.823565|+17.771|+0.044|1.859
DATA=2456510.825787|+17.750|+0.041|1.832
DATA=2456510.828008|+17.819|+0.046|1.806
DATA=2456510.830233|+17.709|+0.042|1.781
DATA=2456510.832452|+17.821|+0.048|1.757
DATA=2456510.834667|+17.730|+0.046|1.734
DATA=2456510.836888|+17.817|+0.050|1.712
DATA=2456510.839107|+17.840|+0.050|1.691
DATA=2456510.852402|+17.925|+0.052|1.581
DATA=2456510.854615|+18.088|+0.058|1.565
DATA=2456510.859058|+18.059|+0.052|1.536
DATA=2456510.861272|+18.059|+0.052|1.522
DATA=2456510.863493|+18.062|+0.055|1.508
DATA=2456510.865714|+18.096|+0.055|1.495
DATA=2456510.867925|+18.103|+0.058|1.483
DATA=2456510.870144|+18.147|+0.064|1.471
DATA=2456510.872363|+18.081|+0.061|1.460
DATA=2456510.874573|+18.101|+0.064|1.449
DATA=2456510.876793|+18.166|+0.064|1.439
DATA=2456510.879015|+18.155|+0.064|1.429
DATA=2456510.881218|+18.050|+0.058|1.419
DATA=2456510.883439|+18.106|+0.058|1.410
DATA=2456510.885670|+18.057|+0.058|1.401
DATA=2456510.890096|+18.105|+0.055|1.385
DATA=2456510.892316|+18.056|+0.055|1.377
DATA=2456510.894520|+18.103|+0.055|1.370
DATA=2456510.896739|+18.120|+0.055|1.363
DATA=2456510.898959|+18.088|+0.058|1.357
DATA=2456510.901165|+18.084|+0.055|1.351
DATA=2456510.903386|+18.004|+0.050|1.345
DATA=2456510.905605|+18.080|+0.055|1.339
DATA=2456510.907817|+18.007|+0.050|1.334
DATA=2456510.912256|+18.099|+0.055|1.325
DATA=2456510.914481|+17.961|+0.048|1.320
DATA=2456510.916703|+18.003|+0.050|1.317
DATA=2456510.918923|+18.019|+0.050|1.313
DATA=2456510.921132|+18.004|+0.048|1.310
DATA=2456510.923355|+18.047|+0.050|1.306
DATA=2456510.925574|+17.967|+0.046|1.304
ENDDATA
