STARTMETADATA
REVISEDDATA=FALSE
OBJECTNUMBER=126074
OBJECTNAME=2001 YE85
MPCDESIG=2001 YE85
SESSIONDATE=2005-11-04
SESSIONTIME=04:00:00
CONTACTNAME=B. D. Warner
CONTACTINFO=brian@MinorPlanetObserver.com
OBSERVERS=Warner, B.D.
OBSLONGITUDE=+0.000000
OBSLATITUDE=+0.000000
OBJECTRA=
OBJECTDEC=
PHASE=+2.57
PABL=+45.6
PABB=-3.7
FILTER=C
MAGBAND=R
CICORRECTION=FALSE
CIBAND=NONE
CITARGET=+0.000
DIFFERMAGS=TRUE
MAGADJUST=0.0
STANDARD=NONE
LTCAPP=NONE
LTCDAYS=-0.009041
LTCTYPE=NONE
REDUCEDMAGS=NONE
UCORMAG=-3.0110
PUBLICATION=
BIBCODE=
DELIMITER=PIPE
COMPNAME1=X:312.00/Y:355.08
COMPRA1=
COMPDEC1=
COMPMAG1=0.0
COMPCI1=0.0
COMPNAME2=X:328.23/Y:331.44
COMPRA2=
COMPDEC2=
COMPMAG2=0.0
COMPCI2=0.0
ENDMETADATA
DATA=2453678.71591|3.246|0.136|1.254
DATA=2453678.71928|3.17|0.121|1.242
DATA=2453678.72263|3.144|0.121|1.231
DATA=2453678.72597|3.282|0.136|1.22
DATA=2453678.72932|3.321|0.155|1.211
DATA=2453678.74327|3.25|0.136|1.176
DATA=2453678.74999|3.16|0.121|1.163
DATA=2453678.75333|3.163|0.121|1.157
DATA=2453678.75667|3.151|0.121|1.152
DATA=2453678.76001|3.141|0.121|1.147
DATA=2453678.79738|3.306|0.136|1.122
DATA=2453678.80406|3.281|0.136|1.124
DATA=2453678.8074|3.202|0.121|1.125
DATA=2453678.81074|3.216|0.121|1.127
DATA=2453678.82076|3.172|0.121|1.135
DATA=2453678.8241|3.16|0.121|1.138
DATA=2453678.82744|3.207|0.121|1.142
DATA=2453678.83079|3.29|0.136|1.146
DATA=2453678.83414|3.335|0.136|1.151
DATA=2453678.83748|3.264|0.136|1.157
DATA=2453678.84083|3.218|0.121|1.163
DATA=2453678.85805|3.209|0.136|1.201
DATA=2453678.86474|3.154|0.121|1.22
DATA=2453678.87142|3.13|0.121|1.241
DATA=2453678.87478|3.159|0.121|1.253
DATA=2453678.88481|3.145|0.136|1.292
DATA=2453678.88816|3.183|0.136|1.307
DATA=2453678.89486|3.32|0.156|1.339
ENDDATA
