STARTMETADATA
REVISEDDATA=FALSE
OBJECTNUMBER=22013
OBJECTNAME=1999 XO89
MPCDESIG=1999 XO89
SESSIONDATE=2012-11-06
SESSIONTIME=07:00:00
CONTACTNAME=B. D. Warner
CONTACTINFO=brian@MinorPlanetObserver.com
OBSERVERS=B. D. Warner
OBSLONGITUDE=-104.750556
OBSLATITUDE=+39.092778
OBJECTRA=01:35
OBJECTDEC=+20
PHASE=+5.79
PABL=+31.9
PABB=+7.9
FILTER=C
MAGBAND=V
CICORRECTION=TRUE
CIBAND=VR
CITARGET=+0.450
DIFFERMAGS=FALSE
MAGADJUST=0.0
STANDARD=INTERNAL
LTCAPP=NONE
LTCDAYS=-0.011371
LTCTYPE=NONE
REDUCEDMAGS=NONE
UCORMAG=-3.8076
PUBLICATION=
BIBCODE=
COMMENT=Unless otherwise stated, the long/lat are for the observer location
DELIMITER=PIPE
COMPNAME1=013551.56 +200740.6
COMPRA1=01:35:51.54
COMPDEC1=+20:07:40.5
COMPMAG1=15.52
COMPCI1=0.473
COMPNAME2=013556.23 +200455.6
COMPRA2=01:35:56.23
COMPDEC2=+20:04:55.5
COMPMAG2=14.6
COMPCI2=0.473
COMPNAME3=013613.19 +200105.3
COMPRA3=01:36:13.20
COMPDEC3=+20:01:05.4
COMPMAG3=14.312
COMPCI3=0.363
COMPNAME4=013558.09 +195954.0
COMPRA4=01:35:58.09
COMPDEC4=+19:59:53.7
COMPMAG4=15.231
COMPCI4=0.473
COMPNAME5=013546.33 +200045.0
COMPRA5=01:35:46.33
COMPDEC5=+20:00:44.9
COMPMAG5=14.513
COMPCI5=0.334
ENDMETADATA
DATA=2456237.58999|17.958|0.073|1.467
DATA=2456237.59304|17.97|0.078|1.445
DATA=2456237.59608|18.008|0.099|1.423
DATA=2456237.59912|17.972|0.091|1.403
DATA=2456237.60216|17.881|0.099|1.383
DATA=2456237.60521|17.902|0.091|1.364
DATA=2456237.60824|17.93|0.084|1.346
DATA=2456237.62503|17.892|0.052|1.261
DATA=2456237.62806|17.907|0.05|1.248
DATA=2456237.63105|17.926|0.052|1.235
DATA=2456237.63408|17.934|0.057|1.223
DATA=2456237.63712|17.936|0.055|1.212
DATA=2456237.64017|17.874|0.055|1.201
DATA=2456237.64322|17.97|0.068|1.19
DATA=2456237.64625|17.879|0.057|1.18
DATA=2456237.64927|17.963|0.061|1.171
DATA=2456237.65231|18.018|0.068|1.162
DATA=2456237.66076|17.95|0.061|1.139
DATA=2456237.66377|18.065|0.064|1.132
DATA=2456237.66677|17.987|0.047|1.125
DATA=2456237.66978|18.044|0.052|1.118
DATA=2456237.67279|17.971|0.054|1.112
DATA=2456237.6758|18.003|0.054|1.106
DATA=2456237.6788|18.077|0.057|1.101
DATA=2456237.68181|17.977|0.061|1.096
DATA=2456237.68482|17.966|0.061|1.091
DATA=2456237.68783|18.049|0.068|1.086
DATA=2456237.69625|18.038|0.078|1.076
DATA=2456237.69926|18.014|0.054|1.073
DATA=2456237.70228|18.073|0.054|1.07
DATA=2456237.70529|18.058|0.052|1.067
DATA=2456237.70831|18.077|0.045|1.065
DATA=2456237.71133|17.961|0.045|1.063
DATA=2456237.71737|17.994|0.109|1.06
DATA=2456237.73583|17.897|0.057|1.058
DATA=2456237.7419|17.907|0.064|1.06
DATA=2456237.74493|17.869|0.061|1.061
DATA=2456237.74798|17.879|0.068|1.063
DATA=2456237.75407|17.855|0.068|1.067
DATA=2456237.76015|17.859|0.073|1.073
DATA=2456237.76842|17.903|0.121|1.082
DATA=2456237.77452|18.011|0.091|1.091
DATA=2456237.77757|17.916|0.073|1.096
DATA=2456237.78062|18.052|0.078|1.101
DATA=2456237.78368|18.059|0.061|1.107
DATA=2456237.78674|18.105|0.052|1.113
DATA=2456237.7898|17.988|0.044|1.119
DATA=2456237.79285|18.032|0.042|1.125
DATA=2456237.7959|18.052|0.044|1.133
DATA=2456237.80457|18.026|0.044|1.155
DATA=2456237.80762|18.101|0.045|1.164
DATA=2456237.81374|18.049|0.052|1.183
DATA=2456237.8168|18.137|0.052|1.193
DATA=2456237.81982|18.115|0.068|1.203
DATA=2456237.82287|18.049|0.057|1.214
DATA=2456237.82594|18.088|0.064|1.226
DATA=2456237.83204|18.109|0.047|1.251
DATA=2456237.84118|18.019|0.045|1.294
DATA=2456237.84422|18.053|0.047|1.309
DATA=2456237.84726|18.086|0.057|1.325
DATA=2456237.85032|18.029|0.068|1.342
DATA=2456237.85335|18.008|0.047|1.36
DATA=2456237.85642|18.076|0.047|1.379
DATA=2456237.85947|17.989|0.044|1.398
DATA=2456237.8625|17.952|0.044|1.419
DATA=2456237.86557|17.968|0.044|1.44
DATA=2456237.86861|17.955|0.044|1.463
DATA=2456237.87651|17.924|0.044|1.526
DATA=2456237.88567|17.916|0.045|1.61
DATA=2456237.88872|17.956|0.047|1.641
ENDDATA
