STARTMETADATA
REVISEDDATA=FALSE
OBJECTNUMBER=2527
OBJECTNAME=Gregory
MPCDESIG=1981 RE
SESSIONDATE=2008-08-26
SESSIONTIME=03:41:00
CONTACTNAME=R. I. Durkee
CONTACTINFO=russdurkee@earthlink.net
OBSERVERS=Durkee, R.I.
OBSLONGITUDE=-93.220000
OBSLATITUDE=+44.983333
OBJECTRA=22:21
OBJECTDEC=-07
PHASE=+1.53
PABL=+334.2
PABB=+2.1
FILTER=C
MAGBAND=R
CICORRECTION=FALSE
CIBAND=NONE
CITARGET=+0.000
DIFFERMAGS=TRUE
MAGADJUST=0.0
STANDARD=NONE
LTCAPP=NONE
LTCDAYS=-0.006019
LTCTYPE=NONE
REDUCEDMAGS=NONE
UCORMAG=-1.6524
PUBLICATION=
BIBCODE=
DELIMITER=PIPE
COMPNAME1=X:199.21/Y:128.36
COMPRA1=
COMPDEC1=
COMPMAG1=0.0
COMPCI1=0.0
COMPNAME3=X:392.17/Y:232.93
COMPRA3=
COMPDEC3=
COMPMAG3=0.0
COMPCI3=0.0
COMPNAME4=X:124.53/Y:400.99
COMPRA4=
COMPDEC4=
COMPMAG4=0.0
COMPCI4=0.0
ENDMETADATA
DATA=2454704.65504|0.86|0.017|2.129
DATA=2454704.65789|0.808|0.016|2.095
DATA=2454704.66075|0.792|0.016|2.063
DATA=2454704.66951|0.782|0.014|1.974
DATA=2454704.67237|0.738|0.014|1.948
DATA=2454704.67829|0.671|0.013|1.899
DATA=2454704.68114|0.655|0.013|1.877
DATA=2454704.68399|0.649|0.013|1.857
DATA=2454704.69276|0.589|0.013|1.8
DATA=2454704.69561|0.562|0.012|1.784
DATA=2454704.70152|0.597|0.012|1.753
DATA=2454704.70437|0.592|0.012|1.739
DATA=2454704.70723|0.598|0.012|1.726
DATA=2454704.71328|0.616|0.012|1.702
DATA=2454704.71902|0.662|0.012|1.682
DATA=2454704.72495|0.649|0.012|1.665
DATA=2454704.7278|0.686|0.012|1.657
DATA=2454704.73066|0.726|0.012|1.651
DATA=2454704.73657|0.766|0.013|1.639
DATA=2454704.73943|0.725|0.012|1.634
DATA=2454704.74818|0.784|0.013|1.623
DATA=2454704.7539|0.816|0.013|1.62
DATA=2454704.76292|0.844|0.013|1.618
DATA=2454704.76577|0.858|0.013|1.619
DATA=2454704.77551|0.876|0.013|1.627
DATA=2454704.78428|0.889|0.014|1.639
DATA=2454704.78713|0.864|0.013|1.645
DATA=2454704.78998|0.85|0.013|1.651
DATA=2454704.79874|0.717|0.012|1.674
DATA=2454704.80159|0.704|0.012|1.682
DATA=2454704.80751|0.688|0.012|1.703
DATA=2454704.81322|0.665|0.012|1.726
DATA=2454704.81914|0.659|0.012|1.753
DATA=2454704.82486|0.635|0.012|1.783
DATA=2454704.83078|0.68|0.012|1.818
DATA=2454704.84241|0.689|0.013|1.9
DATA=2454704.84812|0.721|0.013|1.948
DATA=2454704.85405|0.793|0.015|2.003
DATA=2454704.8569|0.813|0.015|2.032
DATA=2454704.85975|0.834|0.015|2.062
DATA=2454704.86567|0.795|0.016|2.131
DATA=2454704.86852|0.82|0.016|2.168
DATA=2454704.87137|0.869|0.017|2.206
ENDDATA
