STARTMETADATA
REVISEDDATA=FALSE
OBJECTNUMBER=21910
OBJECTNAME=1999 VT23
MPCDESIG=1999 VT23
SESSIONDATE=2012-06-08
SESSIONTIME=14:00:00
CONTACTNAME=D. J. Higgins
CONTACTINFO=higginsdj@bigpond.com
OBSERVERS=D. J. Higgins
OBSLONGITUDE=+149.110000
OBSLATITUDE=-35.162417
OBJECTRA=15:51
OBJECTDEC=-07
PHASE=+11.78
PABL=+242.5
PABB=+9.5
FILTER=C
MAGBAND=R
CICORRECTION=FALSE
CIBAND=NONE
CITARGET=+0.000
DIFFERMAGS=TRUE
MAGADJUST=0.0
STANDARD=NONE
LTCAPP=NONE
LTCDAYS=-0.006068
LTCTYPE=NONE
REDUCEDMAGS=NONE
UCORMAG=-1.6368
PUBLICATION=
BIBCODE=
COMMENT=Observer Instrumentation: FP - Meade 14" LX200/SBIG STL-1001E
DELIMITER=PIPE
COMPNAME1=155140.90 -071936.1
COMPRA1=15:51:40.93
COMPDEC1=-07:19:36.0
COMPMAG1=13.294
COMPCI1=0.391
COMPNAME2=155131.77 -071941.3
COMPRA2=15:51:31.78
COMPDEC2=-07:19:41.2
COMPMAG2=13.455
COMPCI2=0.355
COMPNAME3=155127.71 -071757.0
COMPRA3=15:51:27.75
COMPDEC3=-07:17:56.9
COMPMAG3=12.533
COMPCI3=0.398
ENDMETADATA
DATA=2456086.87987|2.32|0.021|1.852
DATA=2456086.88218|2.357|0.021|1.82
DATA=2456086.88447|2.301|0.02|1.789
DATA=2456086.89237|2.396|0.02|1.693
DATA=2456086.89468|2.379|0.02|1.668
DATA=2456086.89697|2.418|0.02|1.644
DATA=2456086.91096|2.451|0.019|1.516
DATA=2456086.91326|2.465|0.019|1.498
DATA=2456086.91558|2.456|0.018|1.48
DATA=2456086.9291|2.529|0.019|1.39
DATA=2456086.93138|2.562|0.019|1.377
DATA=2456086.93369|2.592|0.02|1.364
DATA=2456086.95382|2.604|0.018|1.27
DATA=2456086.95612|2.614|0.018|1.262
DATA=2456086.95844|2.663|0.019|1.253
DATA=2456086.96772|2.599|0.018|1.223
DATA=2456086.97001|2.609|0.019|1.216
DATA=2456086.97232|2.594|0.018|1.21
DATA=2456086.98161|2.55|0.019|1.187
DATA=2456086.98391|2.539|0.019|1.182
DATA=2456086.98623|2.57|0.019|1.177
DATA=2456086.99552|2.568|0.019|1.161
DATA=2456086.99785|2.573|0.02|1.157
DATA=2456087.00015|2.535|0.019|1.154
DATA=2456087.00946|2.468|0.018|1.144
DATA=2456087.01176|2.464|0.018|1.142
DATA=2456087.01404|2.419|0.017|1.14
DATA=2456087.02331|2.424|0.017|1.135
DATA=2456087.02563|2.414|0.017|1.134
DATA=2456087.02792|2.384|0.017|1.134
DATA=2456087.03719|2.378|0.023|1.134
DATA=2456087.0395|2.367|0.019|1.135
DATA=2456087.04181|2.367|0.02|1.136
DATA=2456087.05105|2.313|0.017|1.141
DATA=2456087.05335|2.301|0.016|1.143
DATA=2456087.05566|2.315|0.016|1.146
DATA=2456087.0649|2.297|0.016|1.157
DATA=2456087.06719|2.287|0.016|1.16
ENDDATA
