STARTMETADATA
REVISEDDATA=FALSE
OBJECTNUMBER=16579
OBJECTNAME=1992 GO
MPCDESIG=1992 GO
SESSIONDATE=2006-08-20
SESSIONTIME=08:16:00
CONTACTNAME=J. Oey
CONTACTINFO=julianoey1@optusnet.com.au
OBSERVERS=Oey, J.
OBSLONGITUDE=+105.341667
OBSLATITUDE=-33.706667
OBJECTRA=19:35
OBJECTDEC=-11
PHASE=+14.57
PABL=+300.9
PABB=+7.7
FILTER=C
MAGBAND=R
CICORRECTION=FALSE
CIBAND=NONE
CITARGET=+0.000
DIFFERMAGS=TRUE
MAGADJUST=0.0
STANDARD=NONE
LTCAPP=NONE
LTCDAYS=-0.007922
LTCTYPE=NONE
REDUCEDMAGS=NONE
UCORMAG=-2.4769
PUBLICATION=
BIBCODE=
DELIMITER=PIPE
COMPNAME1=X:296.67/Y:129.06
COMPRA1=
COMPDEC1=
COMPMAG1=0.0
COMPCI1=0.0
COMPNAME2=X:359.22/Y:116.29
COMPRA2=
COMPDEC2=
COMPMAG2=0.0
COMPCI2=0.0
COMPNAME3=X:361.24/Y:29.32
COMPRA3=
COMPDEC3=
COMPMAG3=0.0
COMPCI3=0.0
COMPNAME4=X:416.77/Y:156.57
COMPRA4=
COMPDEC4=
COMPMAG4=0.0
COMPCI4=0.0
ENDMETADATA
DATA=2453967.857|0.528|0.013|1.491
DATA=2453967.86054|0.56|0.012|1.463
DATA=2453967.86408|0.472|0.011|1.436
DATA=2453967.86763|0.451|0.01|1.411
DATA=2453967.87118|0.43|0.01|1.387
DATA=2453967.87473|0.413|0.01|1.365
DATA=2453967.87828|0.428|0.01|1.343
DATA=2453967.88184|0.431|0.01|1.323
DATA=2453967.88539|0.427|0.01|1.305
DATA=2453967.88893|0.436|0.009|1.287
DATA=2453967.89248|0.405|0.009|1.27
DATA=2453967.89604|0.401|0.009|1.254
DATA=2453967.89959|0.395|0.009|1.239
DATA=2453967.90314|0.37|0.008|1.226
DATA=2453967.90668|0.355|0.008|1.212
DATA=2453967.91023|0.342|0.008|1.2
DATA=2453967.91378|0.327|0.008|1.188
DATA=2453967.91732|0.359|0.008|1.178
DATA=2453967.92087|0.329|0.008|1.167
DATA=2453967.92442|0.318|0.008|1.158
DATA=2453967.92797|0.318|0.008|1.149
DATA=2453967.93151|0.295|0.008|1.141
DATA=2453967.93506|0.285|0.014|1.133
DATA=2453967.93863|0.299|0.009|1.126
DATA=2453967.94217|0.287|0.008|1.12
DATA=2453967.94572|0.289|0.008|1.114
DATA=2453967.94927|0.291|0.008|1.109
DATA=2453967.95282|0.286|0.008|1.104
DATA=2453967.95637|0.331|0.008|1.1
DATA=2453967.95992|0.296|0.008|1.096
DATA=2453967.96348|0.286|0.008|1.092
DATA=2453967.96703|0.314|0.008|1.09
DATA=2453967.97059|0.33|0.008|1.087
DATA=2453967.97414|0.336|0.008|1.086
DATA=2453967.97768|0.328|0.008|1.084
DATA=2453967.98124|0.333|0.008|1.084
DATA=2453967.98478|0.351|0.008|1.083
DATA=2453967.98832|0.383|0.008|1.083
DATA=2453967.99187|0.42|0.008|1.084
DATA=2453967.99542|0.372|0.008|1.085
DATA=2453968.01176|0.52|0.011|1.097
DATA=2453968.01531|0.575|0.012|1.101
DATA=2453968.01886|0.621|0.013|1.105
DATA=2453968.02239|0.629|0.012|1.11
DATA=2453968.02591|0.641|0.012|1.115
DATA=2453968.02944|0.672|0.013|1.121
DATA=2453968.03297|0.681|0.014|1.128
DATA=2453968.03649|0.757|0.022|1.135
DATA=2453968.07272|0.673|0.009|1.246
DATA=2453968.07625|0.641|0.009|1.261
DATA=2453968.07978|0.619|0.009|1.277
DATA=2453968.0833|0.594|0.009|1.294
DATA=2453968.08683|0.577|0.009|1.312
DATA=2453968.09035|0.538|0.009|1.331
DATA=2453968.09389|0.527|0.009|1.352
ENDDATA
