STARTMETADATA
REVISEDDATA=FALSE
OBJECTNUMBER=5527
OBJECTNAME=1991 UQ3
MPCDESIG=1991 UQ3
SESSIONDATE=2010-04-08
SESSIONTIME=15:00:00
CONTACTNAME=D. Higgins
CONTACTINFO=higginsdj@bigpond.com
OBSERVERS=Higgins, D.
OBSLONGITUDE=+129.100000
OBSLATITUDE=-35.150000
OBJECTRA=14:07
OBJECTDEC=-05
PHASE=+6.87
PABL=+208.6
PABB=+5.2
FILTER=C
MAGBAND=R
CICORRECTION=FALSE
CIBAND=NONE
CITARGET=+0.000
DIFFERMAGS=TRUE
MAGADJUST=0.0
STANDARD=NONE
LTCAPP=NONE
LTCDAYS=-0.006623
LTCTYPE=NONE
REDUCEDMAGS=NONE
UCORMAG=-1.9419
PUBLICATION=
BIBCODE=
DELIMITER=PIPE
COMPNAME2=X:829.8 / Y:587.2
COMPRA2=
COMPDEC2=
COMPMAG2=0.0
COMPCI2=0.0
ENDMETADATA
DATA=2455294.94564|1.909|0.034|1.872
DATA=2455294.94903|1.877|0.029|1.91
DATA=2455294.95243|1.925|0.03|1.952
DATA=2455294.96822|1.917|0.026|2.186
DATA=2455294.97164|1.889|0.025|2.248
DATA=2455294.97512|1.888|0.024|2.315
DATA=2455294.99193|1.853|0.022|2.733
DATA=2455294.99534|1.787|0.02|2.841
DATA=2455294.99874|1.773|0.02|2.96
DATA=2455295.0152|1.87|0.02|3.74
DATA=2455295.0186|1.858|0.02|3.961
DATA=2455295.022|1.871|0.019|4.213
DATA=2455295.03817|1.901|0.019|6.07
DATA=2455295.04157|1.903|0.019|6.692
DATA=2455295.04497|1.856|0.018|7.448
DATA=2455295.06148|1.83|0.017|13.366
DATA=2455295.0649|1.81|0.017|5.802
DATA=2455295.06846|1.791|0.017|0.0
DATA=2455295.08499|1.775|0.016|0.0
DATA=2455295.08847|1.755|0.016|0.0
DATA=2455295.09188|1.755|0.016|0.0
DATA=2455295.10822|1.779|0.016|0.0
DATA=2455295.11162|1.768|0.016|0.0
DATA=2455295.11502|1.8|0.016|0.0
DATA=2455295.13127|1.891|0.018|0.0
DATA=2455295.13468|1.916|0.018|0.0
DATA=2455295.13809|1.936|0.019|0.0
DATA=2455295.15434|1.826|0.017|0.0
DATA=2455295.15785|1.844|0.018|0.0
DATA=2455295.16124|1.796|0.017|0.0
DATA=2455295.17742|1.802|0.017|0.0
DATA=2455295.18082|1.797|0.017|0.0
DATA=2455295.18421|1.797|0.017|0.0
DATA=2455295.20036|1.824|0.019|0.0
DATA=2455295.20377|1.848|0.019|0.0
DATA=2455295.20719|1.904|0.02|0.0
DATA=2455295.22362|1.839|0.02|0.0
DATA=2455295.22701|1.855|0.02|0.0
DATA=2455295.23042|1.858|0.021|0.0
DATA=2455295.24678|1.765|0.02|0.0
DATA=2455295.25019|1.773|0.02|0.0
DATA=2455295.25365|1.791|0.021|0.0
DATA=2455295.27008|1.729|0.021|0.0
DATA=2455295.2735|1.736|0.021|0.0
DATA=2455295.2769|1.746|0.022|0.0
DATA=2455295.29354|1.812|0.026|0.0
DATA=2455295.29708|1.831|0.026|0.0
DATA=2455295.30049|1.843|0.028|0.0
ENDDATA
