STARTMETADATA
REVISEDDATA=FALSE
OBJECTNUMBER=5541
OBJECTNAME=Seimei
MPCDESIG=1976 UH16
SESSIONDATE=2010-12-18
SESSIONTIME=15:00:00
CONTACTNAME=D. J. Higgins
CONTACTINFO=higginsdj@bigpond.com
OBSERVERS=Higgins, D.J.
OBSLONGITUDE=+149.110000
OBSLATITUDE=-35.162417
OBJECTRA=02:02
OBJECTDEC=+02
PHASE=+17.80
PABL=+38.3
PABB=-8.5
FILTER=C
MAGBAND=R
CICORRECTION=FALSE
CIBAND=NONE
CITARGET=+0.000
DIFFERMAGS=TRUE
MAGADJUST=0.0
STANDARD=NONE
LTCAPP=NONE
LTCDAYS=-0.011879
LTCTYPE=NONE
REDUCEDMAGS=NONE
UCORMAG=-3.7369
PUBLICATION=
BIBCODE=
COMMENT=Canopus MPC Contact1: CONTACT1
DELIMITER=PIPE
COMPNAME1=020256.31 +021048.9
COMPRA1=02:02:56.32
COMPDEC1=+02:10:49.2
COMPMAG1=13.21
COMPCI1=0.788
COMPNAME2=020201.85 +021850.2
COMPRA2=02:02:01.89
COMPDEC2=+02:18:50.1
COMPMAG2=11.996
COMPCI2=0.694
ENDMETADATA
DATA=2455548.92786|4.064|0.181|1.34
DATA=2455548.93454|4.018|0.155|1.32
DATA=2455548.94041|4.097|0.136|1.305
DATA=2455548.9464|4.124|0.155|1.291
DATA=2455548.95241|4.203|0.181|1.28
DATA=2455548.9584|4.178|0.155|1.271
DATA=2455548.96444|4.132|0.155|1.264
DATA=2455548.97068|4.282|0.181|1.258
DATA=2455548.97715|3.957|0.136|1.255
DATA=2455548.98362|4.186|0.181|1.253
DATA=2455548.99012|3.998|0.136|1.254
DATA=2455548.99618|3.905|0.155|1.257
DATA=2455549.00218|4.0|0.155|1.261
DATA=2455549.00817|4.048|0.155|1.268
DATA=2455549.01412|4.002|0.136|1.276
DATA=2455549.01992|3.896|0.121|1.286
DATA=2455549.04697|3.938|0.217|1.36
DATA=2455549.05947|3.76|0.121|1.411
DATA=2455549.07207|3.866|0.136|1.478
DATA=2455549.08462|3.971|0.181|1.56
ENDDATA
STARTMETADATA
REVISEDDATA=FALSE
OBJECTNUMBER=5541
OBJECTNAME=Seimei
MPCDESIG=1976 UH16
SESSIONDATE=2010-12-22
SESSIONTIME=12:00:00
CONTACTNAME=D. J. Higgins
CONTACTINFO=higginsdj@bigpond.com
OBSERVERS=Higgins, D.J.
OBSLONGITUDE=+149.110000
OBSLATITUDE=-35.162417
OBJECTRA=02:03
OBJECTDEC=+02
PHASE=+18.51
PABL=+38.9
PABB=-8.6
FILTER=C
MAGBAND=R
CICORRECTION=FALSE
CIBAND=NONE
CITARGET=+0.000
DIFFERMAGS=TRUE
MAGADJUST=0.0
STANDARD=NONE
LTCAPP=NONE
LTCDAYS=-0.012145
LTCTYPE=NONE
REDUCEDMAGS=NONE
UCORMAG=-3.7861
PUBLICATION=
BIBCODE=
COMMENT=Canopus MPC Contact1: CONTACT1
DELIMITER=PIPE
COMPNAME1=020304.07 +022110.9
COMPRA1=02:03:04.03
COMPDEC1=+02:21:10.9
COMPMAG1=12.05
COMPCI1=0.585
COMPNAME2=020254.87 +022035.2
COMPRA2=02:02:54.86
COMPDEC2=+02:20:35.3
COMPMAG2=12.989
COMPCI2=0.594
COMPNAME3=020252.63 +022506.0
COMPRA3=02:02:52.66
COMPDEC3=+02:25:05.7
COMPMAG3=12.825
COMPCI3=0.542
COMPNAME4=020340.09 +022501.0
COMPRA4=02:03:40.09
COMPDEC4=+02:25:00.9
COMPMAG4=12.478
COMPCI4=0.72
ENDMETADATA
DATA=2455552.93051|4.254|0.136|1.304
DATA=2455552.93941|4.346|0.099|1.285
DATA=2455552.94845|4.253|0.091|1.271
DATA=2455552.95704|4.271|0.099|1.261
DATA=2455552.96637|4.235|0.099|1.255
DATA=2455552.97551|4.364|0.109|1.253
DATA=2455552.98472|4.364|0.136|1.256
DATA=2455552.99336|4.355|0.121|1.263
DATA=2455553.0023|4.408|0.136|1.274
DATA=2455553.01058|4.217|0.109|1.288
DATA=2455553.01917|4.393|0.136|1.307
DATA=2455553.02443|4.418|0.136|1.32
DATA=2455553.02963|4.173|0.121|1.336
DATA=2455553.03485|4.181|0.121|1.353
DATA=2455553.0401|4.34|0.155|1.372
DATA=2455553.04509|4.398|0.155|1.393
DATA=2455553.05036|4.397|0.181|1.417
DATA=2455553.05558|4.513|0.181|1.443
DATA=2455553.06069|4.125|0.155|1.471
DATA=2455553.06315|4.226|0.181|1.485
DATA=2455553.06538|4.586|0.271|1.499
DATA=2455553.06764|4.488|0.217|1.513
DATA=2455553.06986|4.458|0.217|1.528
DATA=2455553.0721|4.073|0.136|1.544
DATA=2455553.07433|4.388|0.181|1.56
DATA=2455553.07663|4.275|0.181|1.577
ENDDATA
