STARTMETADATA
REVISEDDATA=FALSE
OBJECTNUMBER=30769
OBJECTNAME=1984 ST2
MPCDESIG=1984 ST2
SESSIONDATE=2013-04-22
SESSIONTIME=14:00:00
CONTACTNAME=J. Oey
CONTACTINFO=J. Oey, 94 Rawson Pde. NSW 2780
OBSERVERS=J. Oey
OBSLONGITUDE=+150.341667
OBSLATITUDE=-33.706667
OBJECTRA=13:38
OBJECTDEC=-19
PHASE=+3.46
PABL=+210.4
PABB=-6.8
FILTER=R
MAGBAND=R
CICORRECTION=FALSE
CIBAND=NONE
CITARGET=+0.000
DIFFERMAGS=FALSE
MAGADJUST=0.0
STANDARD=INTERNAL
LTCAPP=NONE
LTCDAYS=-0.009061
LTCTYPE=NONE
REDUCEDMAGS=NONE
UCORMAG=-3.0269
PUBLICATION=
BIBCODE=
COMMENT=Observer Instrumentation: 0.35m f/5.9 SCT/SBIG ST-8XME
DELIMITER=PIPE
COMPNAME1=133858.66 -192832.4
COMPRA1=13:38:39.56
COMPDEC1=-19:22:36.9
COMPMAG1=14.889
COMPCI1=0.378
COMPNAME2=133855.71 -192722.7
COMPRA2=13:38:42.61
COMPDEC2=-19:23:45.8
COMPMAG2=12.739
COMPCI2=0.436
COMPNAME3=133904.38 -192512.8
COMPRA3=13:38:34.06
COMPDEC3=-19:25:57.1
COMPMAG3=15.079
COMPCI3=0.552
COMPNAME4=133840.74 -192348.1
COMPRA4=13:38:57.79
COMPDEC4=-19:27:16.9
COMPMAG4=14.941
COMPCI4=0.504
COMPNAME5=133833.11 -192422.5
COMPRA5=13:39:05.36
COMPDEC5=-19:26:41.2
COMPMAG5=14.907
COMPCI5=0.457
ENDMETADATA
DATA=2456404.92665|17.303|0.084|
DATA=2456404.93072|17.315|0.084|
DATA=2456404.93479|17.297|0.084|
DATA=2456404.93885|17.211|0.073|
DATA=2456404.94293|17.313|0.078|
DATA=2456404.96732|17.225|0.068|
DATA=2456404.97141|17.395|0.078|
DATA=2456404.97547|17.277|0.068|
DATA=2456404.97953|17.355|0.073|
DATA=2456404.98359|17.257|0.068|
DATA=2456404.98766|17.326|0.068|
DATA=2456404.99173|17.333|0.073|
DATA=2456404.9958|17.231|0.064|
DATA=2456405.00402|17.285|0.068|
DATA=2456405.0081|17.26|0.073|
DATA=2456405.01932|17.345|0.068|
DATA=2456405.02313|17.348|0.073|
DATA=2456405.02695|17.376|0.073|
DATA=2456405.03077|17.343|0.068|
DATA=2456405.03458|17.325|0.068|
DATA=2456405.0384|17.204|0.058|
DATA=2456405.04223|17.335|0.064|
DATA=2456405.04604|17.387|0.068|
DATA=2456405.04985|17.33|0.064|
DATA=2456405.05367|17.333|0.064|
DATA=2456405.05749|17.201|0.058|
DATA=2456405.06131|17.268|0.061|
DATA=2456405.06894|17.268|0.064|
DATA=2456405.07276|17.353|0.068|
DATA=2456405.07658|17.329|0.064|
DATA=2456405.09566|17.306|0.064|
DATA=2456405.09947|17.274|0.061|
DATA=2456405.10329|17.342|0.068|
DATA=2456405.10771|17.323|0.058|
DATA=2456405.11145|17.228|0.052|
DATA=2456405.11519|17.369|0.058|
DATA=2456405.11894|17.299|0.058|
DATA=2456405.12268|17.351|0.061|
DATA=2456405.12642|17.23|0.055|
DATA=2456405.13017|17.374|0.061|
DATA=2456405.13391|17.36|0.061|
DATA=2456405.13766|17.324|0.058|
DATA=2456405.1414|17.303|0.058|
DATA=2456405.14514|17.407|0.068|
DATA=2456405.14888|17.28|0.061|
DATA=2456405.15263|17.211|0.055|
DATA=2456405.15667|17.376|0.064|
DATA=2456405.16042|17.234|0.058|
DATA=2456405.16416|17.387|0.064|
DATA=2456405.1679|17.28|0.061|
DATA=2456405.17164|17.35|0.064|
DATA=2456405.17539|17.253|0.061|
DATA=2456405.18288|17.407|0.068|
DATA=2456405.18662|17.431|0.068|
DATA=2456405.19037|17.356|0.064|
DATA=2456405.19412|17.465|0.073|
DATA=2456405.19786|17.399|0.068|
DATA=2456405.20161|17.26|0.058|
DATA=2456405.20534|17.522|0.078|
DATA=2456405.20909|17.471|0.068|
DATA=2456405.21286|17.506|0.068|
DATA=2456405.2166|17.561|0.073|
DATA=2456405.22034|17.427|0.064|
DATA=2456405.22409|17.368|0.058|
DATA=2456405.22783|17.445|0.061|
DATA=2456405.23158|17.465|0.057|
DATA=2456405.23533|17.458|0.058|
DATA=2456405.23907|17.561|0.068|
DATA=2456405.24283|17.568|0.073|
DATA=2456405.24657|17.486|0.068|
DATA=2456405.25032|17.565|0.073|
DATA=2456405.25407|17.648|0.078|
DATA=2456405.25781|17.647|0.091|
DATA=2456405.26155|17.512|0.084|
DATA=2456405.26532|17.593|0.091|
DATA=2456405.26906|17.709|0.109|
DATA=2456405.2766|17.625|0.099|
ENDDATA
