STARTMETADATA
REVISEDDATA=FALSE
OBJECTNUMBER=3695
OBJECTNAME=Fiala
MPCDESIG=1973 UU4
SESSIONDATE=2009-12-05
SESSIONTIME=12:00:00
CONTACTNAME=D. Higgins
CONTACTINFO=higginsdj@bigpond.com
OBSERVERS=Higgins, D.
OBSLONGITUDE=+129.100000
OBSLATITUDE=-35.150000
OBJECTRA=03:20
OBJECTDEC=+04
PHASE=+13.69
PABL=+55.1
PABB=-9.9
FILTER=C
MAGBAND=R
CICORRECTION=FALSE
CIBAND=NONE
CITARGET=+0.000
DIFFERMAGS=TRUE
MAGADJUST=0.0
STANDARD=NONE
LTCAPP=NONE
LTCDAYS=-0.005735
LTCTYPE=NONE
REDUCEDMAGS=NONE
UCORMAG=-1.4049
PUBLICATION=
BIBCODE=
DELIMITER=PIPE
COMPNAME1=031951.56 +44925.7
COMPRA1=
COMPDEC1=
COMPMAG1=0.0
COMPCI1=0.0
COMPNAME2=032019.99 +45042.2
COMPRA2=
COMPDEC2=
COMPMAG2=0.0
COMPCI2=0.0
COMPNAME3=031952.69 +44557.7
COMPRA3=
COMPDEC3=
COMPMAG3=0.0
COMPCI3=0.0
COMPNAME4=031943.36 +44651.5
COMPRA4=
COMPDEC4=
COMPMAG4=0.0
COMPCI4=0.0
COMPNAME5=031948.35 +45518.7
COMPRA5=
COMPDEC5=
COMPMAG5=0.0
COMPCI5=0.0
ENDMETADATA
DATA=2455170.92118|2.931|0.099|1.583
DATA=2455170.92321|2.882|0.073|1.569
DATA=2455170.92527|2.901|0.061|1.554
DATA=2455170.93991|2.962|0.046|1.467
DATA=2455170.94204|3.007|0.048|1.457
DATA=2455170.94414|2.989|0.048|1.446
DATA=2455170.95865|2.967|0.041|1.386
DATA=2455170.96074|2.886|0.037|1.379
DATA=2455170.96281|2.875|0.037|1.372
DATA=2455170.97671|2.865|0.034|1.334
DATA=2455170.97879|2.914|0.037|1.329
DATA=2455170.98088|2.91|0.035|1.325
DATA=2455170.99473|2.898|0.039|1.302
DATA=2455170.99682|2.85|0.035|1.3
DATA=2455170.99888|2.896|0.037|1.297
DATA=2455171.01282|2.921|0.042|1.289
DATA=2455171.0149|2.864|0.041|1.288
DATA=2455171.01698|2.865|0.041|1.288
DATA=2455171.03094|2.898|0.046|1.293
DATA=2455171.03313|2.916|0.048|1.295
DATA=2455171.0352|2.91|0.048|1.297
DATA=2455171.04862|2.824|0.046|1.315
DATA=2455171.05067|2.894|0.048|1.319
DATA=2455171.05271|2.889|0.048|1.323
DATA=2455171.06627|2.894|0.052|1.355
DATA=2455171.06828|2.954|0.052|1.361
DATA=2455171.0703|2.931|0.052|1.368
DATA=2455171.08411|2.849|0.05|1.418
DATA=2455171.08612|2.88|0.052|1.427
DATA=2455171.08822|2.909|0.055|1.436
DATA=2455171.10236|2.907|0.058|1.51
DATA=2455171.10442|2.99|0.061|1.523
DATA=2455171.10645|2.966|0.061|1.536
DATA=2455171.11984|2.897|0.061|1.634
DATA=2455171.12185|2.958|0.068|1.65
DATA=2455171.12385|2.952|0.068|1.668
ENDDATA
