STARTMETADATA
REVISEDDATA=FALSE
OBJECTNUMBER=2080
OBJECTNAME=Jihlava
MPCDESIG=1976 DG
SESSIONDATE=2008-04-05
SESSIONTIME=05:31:00
CONTACTNAME=R. D. Stephens
CONTACTINFO=R. D. Stephens, 11355 Mount Johnson Court, Rancho Cucamonga, CA 91737
OBSERVERS=Stephens, R.D.
OBSLONGITUDE=0
OBSLATITUDE=0
OBJECTRA=08:54
OBJECTDEC=+21
PHASE=+25.16
PABL=+142.7
PABB=+3.6
FILTER=R
MAGBAND=R
CICORRECTION=FALSE
CIBAND=NONE
CITARGET=+0.000
DIFFERMAGS=FALSE
MAGADJUST=0.0
STANDARD=INTERNAL
LTCAPP=NONE
LTCDAYS=-0.008833
LTCTYPE=NONE
REDUCEDMAGS=NONE
UCORMAG=-2.5813
PUBLICATION=
BIBCODE=
COMMENT=Heliocentric ecliptic longitude/latitude: +130.05/+4.06
COMMENT=Earth/Sun distances (AU): +2.1454/+1.5303
COMMENT=Observer Instrumentation: ALCDEF Import/ALCDEF Import
COMMENT=The observer's longitude/latitude were not available
DELIMITER=PIPE
COMPNAME1=08 54.80 / +21 37.4
COMPRA1=
COMPDEC1=
COMPMAG1=+0.000
COMPCI1=+0.000
ENDMETADATA
DATA=2454561.640730|+1.139|+0.019|1.000
DATA=2454561.642680|+1.134|+0.019|1.000
DATA=2454561.644630|+1.198|+0.021|1.000
DATA=2454561.646990|+1.257|+0.023|1.000
DATA=2454561.648940|+1.242|+0.021|1.000
DATA=2454561.650890|+1.326|+0.024|1.000
DATA=2454561.653490|+1.427|+0.025|1.000
DATA=2454561.655440|+1.360|+0.024|1.000
DATA=2454561.657390|+1.387|+0.024|1.000
DATA=2454561.659960|+1.354|+0.025|1.000
DATA=2454561.661910|+1.394|+0.025|1.000
DATA=2454561.687230|+1.366|+0.022|1.000
DATA=2454561.689180|+1.337|+0.020|1.000
DATA=2454561.691130|+1.369|+0.022|1.000
DATA=2454561.693730|+1.295|+0.020|1.000
DATA=2454561.695680|+1.267|+0.020|1.000
DATA=2454561.697620|+1.191|+0.019|1.000
DATA=2454561.700330|+1.163|+0.019|1.000
DATA=2454561.702280|+1.154|+0.018|1.000
DATA=2454561.704230|+1.198|+0.019|1.000
DATA=2454561.706780|+1.205|+0.019|1.000
DATA=2454561.708740|+1.234|+0.019|1.000
DATA=2454561.710680|+1.221|+0.019|1.000
DATA=2454561.713300|+1.299|+0.020|1.000
DATA=2454561.715250|+1.338|+0.021|1.000
DATA=2454561.717200|+1.366|+0.022|1.000
DATA=2454561.719740|+1.416|+0.022|1.000
DATA=2454561.721690|+1.480|+0.023|1.000
DATA=2454561.723640|+1.558|+0.025|1.000
DATA=2454561.726060|+1.477|+0.025|1.000
DATA=2454561.728010|+1.375|+0.023|1.000
DATA=2454561.729960|+1.379|+0.022|1.000
DATA=2454561.732570|+1.284|+0.020|1.000
DATA=2454561.734520|+1.252|+0.020|1.000
DATA=2454561.736470|+1.209|+0.020|1.000
DATA=2454561.739000|+1.194|+0.019|1.000
DATA=2454561.740950|+1.211|+0.020|1.000
DATA=2454561.742900|+1.185|+0.019|1.000
DATA=2454561.745520|+1.194|+0.019|1.000
DATA=2454561.747470|+1.194|+0.019|1.000
DATA=2454561.749420|+1.191|+0.019|1.000
DATA=2454561.751880|+1.203|+0.019|1.000
DATA=2454561.753830|+1.256|+0.020|1.000
DATA=2454561.755780|+1.258|+0.020|1.000
DATA=2454561.758350|+1.269|+0.021|1.000
DATA=2454561.760300|+1.279|+0.021|1.000
DATA=2454561.762250|+1.318|+0.022|1.000
DATA=2454561.764670|+1.305|+0.023|1.000
DATA=2454561.766620|+1.326|+0.023|1.000
DATA=2454561.768570|+1.310|+0.023|1.000
DATA=2454561.770930|+1.360|+0.025|1.000
DATA=2454561.772880|+1.393|+0.027|1.000
DATA=2454561.774830|+1.316|+0.024|1.000
DATA=2454561.777400|+1.317|+0.025|1.000
DATA=2454561.779350|+1.279|+0.023|1.000
DATA=2454561.781300|+1.311|+0.025|1.000
DATA=2454561.783650|+1.322|+0.027|1.000
DATA=2454561.785600|+1.271|+0.024|1.000
DATA=2454561.787550|+1.373|+0.027|1.000
DATA=2454561.790170|+1.305|+0.025|1.000
DATA=2454561.792120|+1.253|+0.024|1.000
DATA=2454561.794070|+1.293|+0.028|1.000
DATA=2454561.796490|+1.282|+0.029|1.000
DATA=2454561.798430|+1.225|+0.022|1.000
DATA=2454561.800390|+1.232|+0.023|1.000
DATA=2454561.802960|+1.228|+0.023|1.000
DATA=2454561.804910|+1.244|+0.024|1.000
DATA=2454561.806860|+1.251|+0.029|1.000
DATA=2454561.809440|+1.143|+0.024|1.000
DATA=2454561.811390|+1.171|+0.023|1.000
DATA=2454561.813340|+1.278|+0.032|1.000
DATA=2454561.815690|+1.168|+0.030|1.000
DATA=2454561.817640|+1.086|+0.022|1.000
DATA=2454561.819590|+1.109|+0.023|1.000
ENDDATA
