STARTMETADATA
REVISEDDATA=FALSE
OBJECTNUMBER=84415
OBJECTNAME=2002 TL195
MPCDESIG=2002 TL195
SESSIONDATE=2011-08-21
SESSIONTIME=05:05:00
CONTACTNAME=R. D. Stephens
CONTACTINFO=R. D. Stephens, 11355 Mount Johnson Court, Rancho Cucamonga, CA 91737
OBSERVERS=R. D. Stephens
OBSLONGITUDE=-70.816667
OBSLATITUDE=-30.166667
OBJECTRA=22:33
OBJECTDEC=-08
PHASE=+3.26
PABL=+335.1
PABB=+0.4
FILTER=R
MAGBAND=R
CICORRECTION=FALSE
CIBAND=NONE
CITARGET=+0.000
DIFFERMAGS=FALSE
MAGADJUST=0.0
STANDARD=INTERNAL
LTCAPP=NONE
LTCDAYS=-0.010386
LTCTYPE=NONE
REDUCEDMAGS=NONE
UCORMAG=-3.5136
PUBLICATION=
BIBCODE=
COMMENT=Heliocentric ecliptic longitude/latitude: +336.71/+0.45
COMMENT=Earth/Sun distances (AU): +2.8030/+1.7993
COMMENT=Observer Instrumentation: CTIO 4-meter/Mosaic
DELIMITER=PIPE
COMPNAME1=X:428.8 / Y:1065.9
COMPRA1=
COMPDEC1=
COMPMAG1=+0.000
COMPCI1=+0.000
COMPNAME2=X:273.5 / Y:1245.0
COMPRA2=
COMPDEC2=
COMPMAG2=+0.000
COMPCI2=+0.000
COMPNAME3=X:131.1 / Y:886.2
COMPRA3=
COMPDEC3=
COMPMAG3=+0.000
COMPCI3=+0.000
COMPNAME4=X:163.0 / Y:788.7
COMPRA4=
COMPDEC4=
COMPMAG4=+0.000
COMPCI4=+0.000
COMPNAME5=X:436.8 / Y:938.9
COMPRA5=
COMPDEC5=
COMPMAG5=+0.000
COMPCI5=+0.000
ENDMETADATA
DATA=2455794.612000|+2.495|+0.030|1.370
DATA=2455794.614738|+2.495|+0.029|1.353
DATA=2455794.617478|+2.510|+0.030|1.336
DATA=2455794.621433|+2.541|+0.031|1.314
DATA=2455794.624170|+2.547|+0.030|1.299
DATA=2455794.626911|+2.531|+0.030|1.285
DATA=2455794.635667|+2.494|+0.029|1.244
DATA=2455794.642500|+2.534|+0.030|1.217
DATA=2455794.645240|+2.496|+0.031|1.206
DATA=2455794.658466|+2.467|+0.027|1.164
DATA=2455794.661205|+2.498|+0.028|1.156
DATA=2455794.663946|+2.479|+0.027|1.149
DATA=2455794.668523|+2.499|+0.027|1.138
DATA=2455794.671262|+2.507|+0.028|1.132
DATA=2455794.674002|+2.485|+0.027|1.126
DATA=2455794.678818|+2.495|+0.028|1.117
DATA=2455794.690630|+2.468|+0.028|1.099
DATA=2455794.693369|+2.481|+0.027|1.095
DATA=2455794.696986|+2.479|+0.027|1.092
DATA=2455794.699727|+2.484|+0.028|1.089
DATA=2455794.702466|+2.499|+0.029|1.087
DATA=2455794.705665|+2.501|+0.030|1.084
DATA=2455794.708404|+2.484|+0.029|1.083
DATA=2455794.711143|+2.493|+0.030|1.081
DATA=2455794.714486|+2.516|+0.030|1.080
DATA=2455794.719965|+2.480|+0.030|1.079
DATA=2455794.723324|+2.477|+0.035|1.079
DATA=2455794.726061|+2.463|+0.041|1.079
DATA=2455794.728802|+2.486|+0.041|1.080
DATA=2455794.732674|+2.528|+0.055|1.081
DATA=2455794.777529|+2.509|+0.064|1.143
DATA=2455794.780676|+2.534|+0.068|1.151
DATA=2455794.790096|+2.443|+0.035|1.178
DATA=2455794.793119|+2.465|+0.039|1.188
DATA=2455794.796303|+2.508|+0.042|1.198
DATA=2455794.799397|+2.460|+0.061|1.210
DATA=2455794.802495|+2.471|+0.055|1.221
DATA=2455794.805552|+2.512|+0.068|1.234
DATA=2455794.808792|+2.529|+0.068|1.247
DATA=2455794.812659|+2.475|+0.064|1.265
ENDDATA
