STARTMETADATA
REVISEDDATA=FALSE
OBJECTNUMBER=72675
OBJECTNAME=2001 FP54
MPCDESIG=2001 FP54
SESSIONDATE=2012-11-12
SESSIONTIME=07:00:00
CONTACTNAME=B. D. Warner
CONTACTINFO=brian@MinorPlanetObserver.com
OBSERVERS=B. D. Warner
OBSLONGITUDE=-104.750556
OBSLATITUDE=+39.092778
OBJECTRA=02:11
OBJECTDEC=+21
PHASE=+4.84
PABL=+40.0
PABB=+6.2
FILTER=C
MAGBAND=V
CICORRECTION=TRUE
CIBAND=VR
CITARGET=+0.450
DIFFERMAGS=FALSE
MAGADJUST=0.0
STANDARD=INTERNAL
LTCAPP=NONE
LTCDAYS=-0.011071
LTCTYPE=NONE
REDUCEDMAGS=NONE
UCORMAG=-3.7171
PUBLICATION=
BIBCODE=
COMMENT=Unless otherwise stated, the long/lat are for the observer location
DELIMITER=PIPE
COMPNAME1=021133.43 +211151.0
COMPRA1=02:11:33.43
COMPDEC1=+21:11:50.9
COMPMAG1=15.427
COMPCI1=0.464
COMPNAME2=021133.54 +211303.6
COMPRA2=02:11:33.53
COMPDEC2=+21:13:03.4
COMPMAG2=13.711
COMPCI2=0.472
COMPNAME3=021143.42 +211308.0
COMPRA3=02:11:43.43
COMPDEC3=+21:13:07.9
COMPMAG3=15.737
COMPCI3=0.449
ENDMETADATA
DATA=2456243.56157|18.685|0.121|1.825
DATA=2456243.56754|18.627|0.109|1.748
DATA=2456243.57855|18.796|0.121|1.626
DATA=2456243.58454|18.845|0.121|1.568
DATA=2456243.58755|18.823|0.109|1.541
DATA=2456243.59355|18.895|0.121|1.49
DATA=2456243.59655|18.827|0.109|1.467
DATA=2456243.61308|18.594|0.091|1.355
DATA=2456243.61608|18.691|0.099|1.338
DATA=2456243.61906|18.631|0.091|1.321
DATA=2456243.62205|18.593|0.091|1.306
DATA=2456243.62504|18.66|0.099|1.29
DATA=2456243.62802|18.799|0.109|1.276
DATA=2456243.631|18.823|0.109|1.262
DATA=2456243.63399|18.954|0.121|1.249
DATA=2456243.65347|18.912|0.109|1.176
DATA=2456243.65645|18.815|0.099|1.166
DATA=2456243.65942|18.771|0.099|1.158
DATA=2456243.66239|18.747|0.099|1.149
DATA=2456243.66537|18.659|0.091|1.141
DATA=2456243.66836|18.59|0.084|1.134
DATA=2456243.67133|18.724|0.099|1.126
DATA=2456243.68205|18.915|0.121|1.103
DATA=2456243.68502|19.006|0.121|1.098
DATA=2456243.68799|18.934|0.109|1.093
DATA=2456243.69097|18.95|0.121|1.088
DATA=2456243.69694|18.812|0.109|1.079
DATA=2456243.7029|18.846|0.099|1.071
DATA=2456243.70588|18.781|0.091|1.068
DATA=2456243.71373|18.733|0.091|1.061
DATA=2456243.7257|18.766|0.084|1.054
DATA=2456243.7287|18.827|0.091|1.053
DATA=2456243.7317|18.882|0.099|1.052
DATA=2456243.73468|18.896|0.099|1.052
DATA=2456243.73767|18.929|0.099|1.051
DATA=2456243.74066|19.037|0.121|1.052
DATA=2456243.76162|18.927|0.109|1.06
DATA=2456243.76462|18.78|0.091|1.063
DATA=2456243.77787|18.792|0.091|1.077
DATA=2456243.78084|18.804|0.091|1.081
DATA=2456243.78383|18.831|0.091|1.085
DATA=2456243.78681|18.811|0.091|1.09
DATA=2456243.78981|18.877|0.099|1.095
DATA=2456243.82429|18.611|0.078|1.18
DATA=2456243.82728|18.719|0.084|1.19
DATA=2456243.83026|18.664|0.084|1.201
DATA=2456243.83324|18.682|0.084|1.212
DATA=2456243.83621|18.774|0.091|1.223
DATA=2456243.8392|18.762|0.091|1.235
DATA=2456243.86574|18.767|0.099|1.37
DATA=2456243.86873|18.834|0.109|1.389
DATA=2456243.87171|18.751|0.099|1.409
DATA=2456243.87469|18.741|0.099|1.429
DATA=2456243.88649|18.775|0.109|1.521
DATA=2456243.88947|18.849|0.121|1.547
DATA=2456243.89245|18.869|0.136|1.574
DATA=2456243.89543|18.908|0.136|1.602
DATA=2456243.8984|19.012|0.155|1.632
ENDDATA
