STARTMETADATA
REVISEDDATA=FALSE
OBJECTNUMBER=59516
OBJECTNAME=1999 JX15
MPCDESIG=1999 JX15
SESSIONDATE=2008-08-09
SESSIONTIME=10:42:00
CONTACTNAME=J. Oey
CONTACTINFO=julianoey1@optusnet.com.au
OBSERVERS=Oey, J.
OBSLONGITUDE=+105.341667
OBSLATITUDE=-33.706667
OBJECTRA=22:17
OBJECTDEC=-37
PHASE=+10.57
PABL=+320.8
PABB=-20.0
FILTER=C
MAGBAND=R
CICORRECTION=FALSE
CIBAND=NONE
CITARGET=+0.000
DIFFERMAGS=TRUE
MAGADJUST=0.0
STANDARD=NONE
LTCAPP=NONE
LTCDAYS=-0.008284
LTCTYPE=NONE
REDUCEDMAGS=NONE
UCORMAG=-2.6764
PUBLICATION=
BIBCODE=
DELIMITER=PIPE
COMPNAME1=221549.83 -380758.7
COMPRA1=
COMPDEC1=
COMPMAG1=0.0
COMPCI1=0.0
COMPNAME2=221555.98 -380328.0
COMPRA2=
COMPDEC2=
COMPMAG2=0.0
COMPCI2=0.0
COMPNAME3=221615.47 -380640.1
COMPRA3=
COMPDEC3=
COMPMAG3=0.0
COMPCI3=0.0
COMPNAME4=221710.36 -381049.9
COMPRA4=
COMPDEC4=
COMPMAG4=0.0
COMPCI4=0.0
COMPNAME5=221705.50 -380535.3
COMPRA5=
COMPDEC5=
COMPMAG5=0.0
COMPCI5=0.0
ENDMETADATA
DATA=2454687.94815|2.682|0.03|1.604
DATA=2454687.95184|2.776|0.033|1.569
DATA=2454687.95676|2.768|0.032|1.526
DATA=2454687.96052|2.783|0.034|1.495
DATA=2454687.96429|2.749|0.03|1.465
DATA=2454687.96797|2.732|0.03|1.438
DATA=2454687.97165|2.711|0.028|1.412
DATA=2454687.97534|2.726|0.029|1.387
DATA=2454687.97902|2.748|0.029|1.364
DATA=2454687.9827|2.751|0.028|1.341
DATA=2454687.98645|2.769|0.028|1.32
DATA=2454687.99013|2.729|0.027|1.3
DATA=2454687.99385|2.752|0.027|1.28
DATA=2454687.9976|2.727|0.026|1.262
DATA=2454688.00135|2.708|0.025|1.244
DATA=2454688.00503|2.766|0.026|1.228
DATA=2454688.00872|2.673|0.024|1.212
DATA=2454688.0124|2.685|0.024|1.197
DATA=2454688.01607|2.692|0.024|1.183
DATA=2454688.01976|2.719|0.025|1.169
DATA=2454688.02345|2.708|0.024|1.157
DATA=2454688.02713|2.65|0.023|1.145
DATA=2454688.0308|2.697|0.024|1.133
DATA=2454688.03449|2.714|0.025|1.122
DATA=2454688.03816|2.704|0.025|1.112
DATA=2454688.04192|2.661|0.023|1.102
DATA=2454688.0456|2.714|0.024|1.093
DATA=2454688.04932|2.715|0.024|1.084
DATA=2454688.0531|2.703|0.023|1.076
DATA=2454688.05679|2.695|0.023|1.068
DATA=2454688.06049|2.674|0.023|1.061
DATA=2454688.06417|2.7|0.024|1.054
DATA=2454688.06786|2.711|0.029|1.048
DATA=2454688.07155|2.643|0.022|1.042
DATA=2454688.07523|2.743|0.023|1.036
DATA=2454688.07909|2.721|0.023|1.031
DATA=2454688.08283|2.714|0.022|1.026
DATA=2454688.08665|2.707|0.022|1.022
DATA=2454688.0904|2.728|0.022|1.018
DATA=2454688.09413|2.715|0.022|1.015
DATA=2454688.09785|2.699|0.022|1.012
DATA=2454688.10158|2.771|0.023|1.009
DATA=2454688.10536|2.724|0.022|1.007
ENDDATA
