STARTMETADATA
REVISEDDATA=FALSE
OBJECTNUMBER=55514
OBJECTNAME=2001 VJ6
MPCDESIG=2001 VJ6
SESSIONDATE=2011-08-21
SESSIONTIME=04:57:00
CONTACTNAME=R. D. Stephens
CONTACTINFO=R. D. Stephens, 11355 Mount Johnson Court, Rancho Cucamonga, CA 91737
OBSERVERS=R. D. Stephens
OBSLONGITUDE=-70.816667
OBSLATITUDE=-30.166667
OBJECTRA=22:33
OBJECTDEC=-08
PHASE=+2.40
PABL=+335.6
PABB=+0.3
FILTER=R
MAGBAND=R
CICORRECTION=FALSE
CIBAND=NONE
CITARGET=+0.000
DIFFERMAGS=FALSE
MAGADJUST=0.0
STANDARD=INTERNAL
LTCAPP=NONE
LTCDAYS=-0.016347
LTCTYPE=NONE
REDUCEDMAGS=NONE
UCORMAG=-5.1791
PUBLICATION=
BIBCODE=
COMMENT=Heliocentric ecliptic longitude/latitude: +336.78/+0.38
COMMENT=Earth/Sun distances (AU): +3.8344/+2.8322
COMMENT=Observer Instrumentation: CTIO 4-meter/Mosaic
DELIMITER=PIPE
COMPNAME1=X:411.6 / Y:1782.1
COMPRA1=
COMPDEC1=
COMPMAG1=+0.000
COMPCI1=+0.000
COMPNAME2=X:515.7 / Y:1505.2
COMPRA2=
COMPDEC2=
COMPMAG2=+0.000
COMPCI2=+0.000
COMPNAME3=X:439.4 / Y:1462.6
COMPRA3=
COMPDEC3=
COMPMAG3=+0.000
COMPCI3=+0.000
COMPNAME4=X:500.2 / Y:1457.3
COMPRA4=
COMPDEC4=
COMPMAG4=+0.000
COMPCI4=+0.000
COMPNAME5=X:321.7 / Y:1298.3
COMPRA5=
COMPDEC5=
COMPMAG5=+0.000
COMPCI5=+0.000
ENDMETADATA
DATA=2455794.605059|+1.261|+0.013|1.418
DATA=2455794.612000|+1.214|+0.013|1.370
DATA=2455794.617478|+1.165|+0.013|1.336
DATA=2455794.621433|+1.181|+0.013|1.314
DATA=2455794.624170|+1.145|+0.012|1.299
DATA=2455794.626911|+1.145|+0.012|1.285
DATA=2455794.630187|+1.120|+0.012|1.269
DATA=2455794.632926|+1.106|+0.012|1.257
DATA=2455794.635667|+1.101|+0.012|1.244
DATA=2455794.639760|+1.063|+0.011|1.227
DATA=2455794.642500|+1.074|+0.012|1.217
DATA=2455794.645240|+1.080|+0.012|1.206
DATA=2455794.649887|+1.076|+0.013|1.190
DATA=2455794.652625|+1.057|+0.012|1.181
DATA=2455794.655365|+1.053|+0.011|1.173
DATA=2455794.658466|+1.031|+0.011|1.164
DATA=2455794.661205|+1.043|+0.011|1.156
DATA=2455794.663946|+1.050|+0.011|1.149
DATA=2455794.668523|+1.054|+0.011|1.138
DATA=2455794.671262|+1.068|+0.011|1.132
DATA=2455794.674002|+1.077|+0.011|1.126
DATA=2455794.678818|+1.081|+0.011|1.117
DATA=2455794.681559|+1.085|+0.011|1.112
DATA=2455794.684300|+1.086|+0.011|1.108
DATA=2455794.687890|+1.136|+0.012|1.102
DATA=2455794.690630|+1.164|+0.012|1.099
DATA=2455794.693369|+1.166|+0.012|1.095
DATA=2455794.696986|+1.205|+0.012|1.092
DATA=2455794.699727|+1.243|+0.013|1.089
DATA=2455794.702466|+1.270|+0.013|1.087
DATA=2455794.705665|+1.282|+0.014|1.084
DATA=2455794.708404|+1.250|+0.013|1.083
DATA=2455794.711143|+1.284|+0.014|1.081
DATA=2455794.714486|+1.293|+0.014|1.080
DATA=2455794.717225|+1.316|+0.014|1.080
DATA=2455794.719965|+1.298|+0.014|1.079
DATA=2455794.723324|+1.294|+0.016|1.079
DATA=2455794.726061|+1.331|+0.020|1.079
DATA=2455794.728802|+1.350|+0.019|1.080
DATA=2455794.732674|+1.378|+0.026|1.081
DATA=2455794.735411|+1.390|+0.034|1.083
DATA=2455794.738150|+1.441|+0.043|1.084
DATA=2455794.741172|+1.458|+0.041|1.087
DATA=2455794.750038|+1.410|+0.035|1.095
DATA=2455794.752777|+1.372|+0.034|1.098
DATA=2455794.755516|+1.370|+0.028|1.102
DATA=2455794.767235|+1.274|+0.030|1.121
DATA=2455794.770760|+1.311|+0.035|1.128
DATA=2455794.773661|+1.261|+0.034|1.134
DATA=2455794.777529|+1.255|+0.027|1.143
DATA=2455794.780676|+1.209|+0.028|1.151
DATA=2455794.783744|+1.208|+0.044|1.159
DATA=2455794.786855|+1.145|+0.032|1.168
DATA=2455794.790096|+1.159|+0.016|1.178
DATA=2455794.793119|+1.101|+0.016|1.188
DATA=2455794.796303|+1.072|+0.016|1.198
DATA=2455794.799397|+1.079|+0.024|1.210
DATA=2455794.802495|+1.093|+0.022|1.221
DATA=2455794.805552|+1.088|+0.026|1.234
DATA=2455794.808792|+1.074|+0.025|1.247
ENDDATA
