STARTMETADATA
REVISEDDATA=FALSE
OBJECTNUMBER=24242
OBJECTNAME=1999 XY100
MPCDESIG=1999 XY100
SESSIONDATE=2008-09-11
SESSIONTIME=10:00:00
CONTACTNAME=D. Higgins
CONTACTINFO=higginsdj@bigpond.com
OBSERVERS=Higgins, D.
OBSLONGITUDE=+129.100000
OBSLATITUDE=-35.150000
OBJECTRA=22:47
OBJECTDEC=+01
PHASE=+5.99
PABL=+345.3
PABB=+5.8
FILTER=C
MAGBAND=R
CICORRECTION=FALSE
CIBAND=NONE
CITARGET=+0.000
DIFFERMAGS=TRUE
MAGADJUST=0.0
STANDARD=NONE
LTCAPP=NONE
LTCDAYS=-0.003680
LTCTYPE=NONE
REDUCEDMAGS=NONE
UCORMAG=-0.0945
PUBLICATION=
BIBCODE=
DELIMITER=PIPE
COMPNAME1=224716.68 +11824.4
COMPRA1=
COMPDEC1=
COMPMAG1=0.0
COMPCI1=0.0
COMPNAME2=224731.28 +11638.6
COMPRA2=
COMPDEC2=
COMPMAG2=0.0
COMPCI2=0.0
COMPNAME3=224707.68 +12037.9
COMPRA3=
COMPDEC3=
COMPMAG3=0.0
COMPCI3=0.0
COMPNAME4=224643.80 +11607.4
COMPRA4=
COMPDEC4=
COMPMAG4=0.0
COMPCI4=0.0
COMPNAME5=224647.14 +11903.2
COMPRA5=
COMPDEC5=
COMPMAG5=0.0
COMPCI5=0.0
ENDMETADATA
DATA=2454720.93512|0.677|0.014|1.755
DATA=2454720.93825|0.682|0.014|1.721
DATA=2454720.94168|0.685|0.013|1.686
DATA=2454720.94595|0.671|0.013|1.645
DATA=2454720.94921|0.648|0.013|1.616
DATA=2454720.95286|0.673|0.013|1.586
DATA=2454720.95684|0.657|0.013|1.555
DATA=2454720.95999|0.668|0.013|1.532
DATA=2454720.96352|0.679|0.014|1.508
DATA=2454720.96763|0.681|0.014|1.482
DATA=2454720.97104|0.669|0.015|1.461
DATA=2454720.97419|0.701|0.015|1.443
DATA=2454720.97863|0.678|0.015|1.42
DATA=2454720.98178|0.679|0.014|1.404
DATA=2454720.98532|0.7|0.013|1.388
DATA=2454720.9896|0.682|0.013|1.37
DATA=2454720.9928|0.71|0.012|1.357
DATA=2454720.99616|0.721|0.012|1.344
DATA=2454721.0005|0.725|0.013|1.329
DATA=2454721.00365|0.746|0.016|1.319
DATA=2454721.00711|0.739|0.015|1.309
DATA=2454721.01139|0.748|0.02|1.297
DATA=2454721.0146|0.747|0.015|1.289
DATA=2454721.01795|0.722|0.013|1.282
DATA=2454721.0249|0.762|0.012|1.268
DATA=2454721.02803|0.739|0.012|1.262
DATA=2454721.03171|0.758|0.012|1.257
DATA=2454721.04823|0.777|0.012|1.241
DATA=2454721.05139|0.772|0.012|1.239
DATA=2454721.05507|0.79|0.012|1.238
DATA=2454721.0716|0.822|0.016|1.241
DATA=2454721.07475|0.833|0.019|1.243
DATA=2454721.07837|0.834|0.023|1.246
DATA=2454721.09488|0.933|0.039|1.269
DATA=2454721.09811|0.908|0.03|1.275
DATA=2454721.10179|0.962|0.042|1.283
DATA=2454721.11868|0.94|0.023|1.329
DATA=2454721.12206|0.954|0.021|1.341
DATA=2454721.12524|0.958|0.028|1.352
DATA=2454721.14262|1.007|0.043|1.43
DATA=2454721.14596|1.111|0.069|1.448
DATA=2454721.14911|1.123|0.056|1.466
DATA=2454721.16647|1.123|0.03|1.587
DATA=2454721.16962|1.064|0.017|1.613
DATA=2454721.17306|1.112|0.019|1.643
DATA=2454721.1898|1.148|0.021|1.822
DATA=2454721.19294|1.178|0.02|1.862
DATA=2454721.19635|1.21|0.021|1.909
DATA=2454721.21352|1.235|0.023|2.202
DATA=2454721.21668|1.282|0.023|2.269
DATA=2454721.22034|1.258|0.026|2.354
ENDDATA
