STARTMETADATA
REVISEDDATA=FALSE
OBJECTNUMBER=49566
OBJECTNAME=1999 CM106
MPCDESIG=1999 CM106
SESSIONDATE=2012-02-24
SESSIONTIME=07:00:00
CONTACTNAME=B. D. Warner
CONTACTINFO=brian@MinorPlanetObserver.com
OBSERVERS=B. D. Warner
OBSLONGITUDE=-104.750556
OBSLATITUDE=+39.092778
OBJECTRA=09:24
OBJECTDEC=+00
PHASE=+6.70
PABL=+145.6
PABB=-11.5
FILTER=C
MAGBAND=R
CICORRECTION=TRUE
CIBAND=VR
CITARGET=+0.450
DIFFERMAGS=FALSE
MAGADJUST=0.0
STANDARD=INTERNAL
LTCAPP=NONE
LTCDAYS=-0.009702
LTCTYPE=NONE
REDUCEDMAGS=NONE
UCORMAG=-3.2353
PUBLICATION=
BIBCODE=
COMMENT=Unless otherwise stated, the long/lat are for the observer location
DELIMITER=PIPE
COMPNAME1=092354.44 +002326.3
COMPRA1=09:23:54.40
COMPDEC1=+00:23:26.5
COMPMAG1=15.232
COMPCI1=0.422
COMPNAME2=092410.94 +002617.2
COMPRA2=09:24:10.94
COMPDEC2=+00:26:17.0
COMPMAG2=14.266
COMPCI2=0.474
COMPNAME3=092351.65 +002520.0
COMPRA3=09:23:51.65
COMPDEC3=+00:25:19.9
COMPMAG3=14.215
COMPCI3=0.377
COMPNAME4=092355.24 +001620.7
COMPRA4=09:23:55.24
COMPDEC4=+00:16:20.6
COMPMAG4=13.895
COMPCI4=0.292
COMPNAME5=092423.50 +001704.9
COMPRA5=09:24:23.50
COMPDEC5=+00:17:04.7
COMPMAG5=13.869
COMPCI5=0.33
ENDMETADATA
DATA=2455981.75661|17.133|0.036|1.287
DATA=2455981.76026|17.162|0.039|1.288
DATA=2455981.76396|17.12|0.036|1.289
DATA=2455981.76762|17.09|0.035|1.291
DATA=2455981.77128|17.064|0.035|1.293
DATA=2455981.77861|17.056|0.035|1.3
DATA=2455981.78869|17.099|0.035|1.315
DATA=2455981.79236|17.088|0.036|1.321
DATA=2455981.79603|17.047|0.034|1.329
DATA=2455981.79967|17.065|0.035|1.337
DATA=2455981.80336|17.081|0.035|1.346
DATA=2455981.807|17.075|0.035|1.356
DATA=2455981.81069|17.044|0.034|1.367
DATA=2455981.83389|17.071|0.036|1.458
DATA=2455981.83755|17.094|0.038|1.477
DATA=2455981.84122|17.088|0.038|1.496
DATA=2455981.84855|17.037|0.035|1.54
ENDDATA
