STARTMETADATA
REVISEDDATA=FALSE
OBJECTNUMBER=21996
OBJECTNAME=1999 XP31
MPCDESIG=1999 XP31
SESSIONDATE=2010-07-21
SESSIONTIME=12:56:00
CONTACTNAME=D. Higgins
CONTACTINFO=higginsdj@bigpond.com
OBSERVERS=Higgins, D.
OBSLONGITUDE=+129.100000
OBSLATITUDE=-35.150000
OBJECTRA=19:20
OBJECTDEC=-21
PHASE=+3.95
PABL=+290.7
PABB=+0.7
FILTER=R
MAGBAND=R
CICORRECTION=FALSE
CIBAND=NONE
CITARGET=+0.000
DIFFERMAGS=TRUE
MAGADJUST=0.0
STANDARD=NONE
LTCAPP=NONE
LTCDAYS=-0.007468
LTCTYPE=NONE
REDUCEDMAGS=NONE
UCORMAG=-2.3709
PUBLICATION=
BIBCODE=
DELIMITER=PIPE
COMPNAME5=191901.73 -213129.5
COMPRA5=
COMPDEC5=
COMPMAG5=0.0
COMPCI5=0.0
COMPNAME4=191856.95 -212758.2
COMPRA4=
COMPDEC4=
COMPMAG4=0.0
COMPCI4=0.0
COMPNAME3=191919.59 -213118.5
COMPRA3=
COMPDEC3=
COMPMAG3=0.0
COMPCI3=0.0
COMPNAME2=191919.70 -212908.6
COMPRA2=
COMPDEC2=
COMPMAG2=0.0
COMPCI2=0.0
COMPNAME1=191924.75 -212933.5
COMPRA1=
COMPDEC1=
COMPMAG1=0.0
COMPCI1=0.0
ENDMETADATA
DATA=2455398.86826|3.761|0.039|4.556
DATA=2455398.87089|3.731|0.037|4.312
DATA=2455398.87406|3.728|0.036|4.05
DATA=2455398.87677|3.68|0.035|3.851
DATA=2455398.87943|3.702|0.035|3.672
DATA=2455398.88254|3.652|0.034|3.485
DATA=2455398.88517|3.718|0.036|3.339
DATA=2455398.88781|3.71|0.035|3.206
DATA=2455398.89087|3.695|0.034|3.064
DATA=2455398.89352|3.772|0.036|2.952
DATA=2455398.89616|3.773|0.035|2.848
DATA=2455398.89919|3.85|0.037|2.737
DATA=2455398.90762|3.805|0.034|2.472
DATA=2455398.91028|3.825|0.035|2.399
DATA=2455398.91292|3.786|0.033|2.331
DATA=2455398.93285|3.562|0.025|1.929
DATA=2455398.93552|3.579|0.025|1.887
DATA=2455398.93818|3.587|0.025|1.847
DATA=2455398.94124|3.566|0.024|1.803
DATA=2455398.94387|3.612|0.025|1.768
DATA=2455398.94654|3.635|0.025|1.733
DATA=2455398.94966|3.578|0.024|1.695
DATA=2455398.9523|3.606|0.024|1.664
DATA=2455398.95498|3.636|0.025|1.634
DATA=2455398.95801|3.632|0.025|1.602
DATA=2455398.96066|3.722|0.027|1.575
DATA=2455398.96335|3.624|0.024|1.55
DATA=2455398.96669|3.655|0.025|1.519
DATA=2455398.96933|3.623|0.024|1.496
DATA=2455398.97197|3.552|0.022|1.474
DATA=2455398.97502|3.598|0.023|1.449
DATA=2455398.97766|3.687|0.024|1.429
DATA=2455398.9803|3.542|0.021|1.41
DATA=2455399.05521|3.726|0.024|1.092
DATA=2455399.09167|3.469|0.019|1.04
DATA=2455399.09431|3.433|0.018|1.038
DATA=2455399.09697|3.415|0.018|1.036
DATA=2455399.10979|3.401|0.019|1.031
DATA=2455399.11249|3.37|0.018|1.031
DATA=2455399.11517|3.389|0.018|1.031
DATA=2455399.12795|3.468|0.019|1.033
DATA=2455399.13065|3.471|0.019|1.034
DATA=2455399.1333|3.489|0.019|1.036
DATA=2455399.14626|3.558|0.021|1.046
DATA=2455399.1489|3.565|0.021|1.049
DATA=2455399.15153|3.567|0.021|1.052
DATA=2455399.16442|3.564|0.021|1.07
DATA=2455399.16706|3.616|0.022|1.075
DATA=2455399.16973|3.559|0.021|1.079
DATA=2455399.18281|3.698|0.025|1.107
DATA=2455399.18546|3.615|0.023|1.114
DATA=2455399.18811|3.638|0.024|1.121
DATA=2455399.20078|3.825|0.029|1.159
DATA=2455399.20351|3.767|0.027|1.168
DATA=2455399.20615|3.808|0.028|1.177
DATA=2455399.21928|3.591|0.022|1.229
DATA=2455399.22193|3.472|0.02|1.241
DATA=2455399.2246|3.459|0.019|1.254
DATA=2455399.23751|3.562|0.023|1.322
DATA=2455399.25582|3.354|0.017|1.445
DATA=2455399.25847|3.329|0.015|1.466
DATA=2455399.26111|3.331|0.016|1.488
ENDDATA
