STARTMETADATA
REVISEDDATA=FALSE
OBJECTNUMBER=19260
OBJECTNAME=1995 GT
MPCDESIG=1995 GT
SESSIONDATE=2006-05-05
SESSIONTIME=16:18:00
CONTACTNAME=J. Oey
CONTACTINFO=julianoey1@optusnet.com.au
OBSERVERS=Oey, J.
OBSLONGITUDE=+105.341667
OBSLATITUDE=-33.706667
OBJECTRA=14:08
OBJECTDEC=-44
PHASE=+15.95
PABL=+225.7
PABB=-21.3
FILTER=C
MAGBAND=R
CICORRECTION=FALSE
CIBAND=NONE
CITARGET=+0.000
DIFFERMAGS=TRUE
MAGADJUST=0.0
STANDARD=NONE
LTCAPP=NONE
LTCDAYS=-0.004902
LTCTYPE=NONE
REDUCEDMAGS=NONE
UCORMAG=-0.9187
PUBLICATION=
BIBCODE=
DELIMITER=PIPE
COMPNAME1=X:174.99/Y:204.45
COMPRA1=
COMPDEC1=
COMPMAG1=0.0
COMPCI1=0.0
COMPNAME2=X:254.90/Y:242.41
COMPRA2=
COMPDEC2=
COMPMAG2=0.0
COMPCI2=0.0
ENDMETADATA
DATA=2453861.18104|0.054|0.007|1.258
DATA=2453861.18459|0.043|0.006|1.274
DATA=2453861.18813|0.007|0.006|1.29
DATA=2453861.1917|-0.001|0.006|1.307
DATA=2453861.19524|0.018|0.006|1.326
DATA=2453861.19878|-0.049|0.006|1.344
DATA=2453861.20233|-0.012|0.006|1.364
DATA=2453861.20587|0.045|0.007|1.385
DATA=2453861.20941|0.053|0.007|1.407
DATA=2453861.21296|0.078|0.007|1.429
DATA=2453861.2165|0.102|0.007|1.453
DATA=2453861.22005|0.067|0.007|1.478
DATA=2453861.22359|0.175|0.007|1.504
DATA=2453861.22713|0.112|0.007|1.531
DATA=2453861.23068|0.184|0.008|1.56
DATA=2453861.23423|0.19|0.008|1.59
DATA=2453861.23777|0.273|0.008|1.622
DATA=2453861.24132|0.254|0.008|1.655
DATA=2453861.24487|0.267|0.009|1.69
DATA=2453861.24842|0.302|0.009|1.727
DATA=2453861.25197|0.278|0.009|1.765
DATA=2453861.25552|0.307|0.009|1.806
DATA=2453861.25906|0.353|0.009|1.849
DATA=2453861.2626|0.341|0.01|1.894
DATA=2453861.26616|0.398|0.011|1.942
DATA=2453861.2697|0.381|0.011|1.992
DATA=2453861.27325|0.438|0.011|2.045
DATA=2453861.27678|0.506|0.012|2.102
DATA=2453861.28032|0.424|0.011|2.161
DATA=2453861.28387|0.553|0.012|2.225
DATA=2453861.28741|0.525|0.012|2.292
DATA=2453861.29097|0.53|0.013|2.365
DATA=2453861.29451|0.519|0.013|2.441
DATA=2453861.29806|0.668|0.015|2.523
DATA=2453861.30161|0.555|0.016|2.611
DATA=2453861.30515|0.509|0.015|2.704
DATA=2453861.3087|0.585|0.016|2.805
DATA=2453861.31227|0.736|0.022|2.914
DATA=2453861.31581|0.705|0.027|3.03
DATA=2453861.31937|0.818|0.039|3.157
DATA=2453861.32291|0.907|0.075|3.293
ENDDATA
