STARTMETADATA
REVISEDDATA=FALSE
OBJECTNUMBER=74219
OBJECTNAME=1998 RM78
MPCDESIG=1998 RM78
SESSIONDATE=2010-11-08
SESSIONTIME=07:00:00
CONTACTNAME=B. D. Warner
CONTACTINFO=brian@MinorPlanetObserver.com
OBSERVERS=Warner, B.D.
OBSLONGITUDE=-104.750000
OBSLATITUDE=+39.083333
OBJECTRA=03:11
OBJECTDEC=+19
PHASE=+2.17
PABL=+49.9
PABB=+1.4
FILTER=C
MAGBAND=R
CICORRECTION=TRUE
CIBAND=VR
CITARGET=+0.450
DIFFERMAGS=FALSE
MAGADJUST=0.0
STANDARD=INTERNAL
LTCAPP=NONE
LTCDAYS=-0.008925
LTCTYPE=NONE
REDUCEDMAGS=NONE
UCORMAG=-2.9658
PUBLICATION=
BIBCODE=
COMMENT=Canopus MPC Contact1: CONTACT1
DELIMITER=PIPE
COMPNAME1=031106.27 +194609.9
COMPRA1=03:11:06.27
COMPDEC1=+19:46:09.7
COMPMAG1=13.667
COMPCI1=0.442
COMPNAME2=031054.43 +194753.9
COMPRA2=03:10:54.43
COMPDEC2=+19:47:53.9
COMPMAG2=12.843
COMPCI2=0.425
COMPNAME3=031103.51 +195100.2
COMPRA3=03:11:03.48
COMPDEC3=+19:51:00.4
COMPMAG3=12.737
COMPCI3=0.487
COMPNAME4=031117.36 +194957.3
COMPRA4=03:11:17.36
COMPDEC4=+19:49:57.3
COMPMAG4=14.731
COMPCI4=0.434
COMPNAME5=031102.26 +194037.3
COMPRA5=03:11:02.27
COMPDEC5=+19:40:37.5
COMPMAG5=13.77
COMPCI5=0.418
ENDMETADATA
DATA=2455508.57987|16.898|0.054|2.649
DATA=2455508.58281|16.874|0.05|2.56
DATA=2455508.58575|16.863|0.047|2.477
DATA=2455508.58869|16.869|0.047|2.4
DATA=2455508.59162|16.735|0.04|2.328
DATA=2455508.59456|16.686|0.039|2.26
DATA=2455508.60043|16.656|0.038|2.137
DATA=2455508.6456|16.748|0.038|1.54
DATA=2455508.65147|16.749|0.036|1.491
DATA=2455508.65441|16.799|0.038|1.468
DATA=2455508.66028|16.813|0.036|1.426
DATA=2455508.66908|16.837|0.073|1.369
DATA=2455508.67537|16.885|0.091|1.332
DATA=2455508.68125|16.858|0.121|1.302
DATA=2455508.68419|16.882|0.039|1.287
DATA=2455508.68712|16.861|0.036|1.273
DATA=2455508.69006|16.844|0.042|1.26
DATA=2455508.693|16.933|0.04|1.248
DATA=2455508.69594|16.956|0.078|1.235
DATA=2455508.70182|16.95|0.042|1.213
DATA=2455508.7081|16.887|0.038|1.191
DATA=2455508.71105|16.831|0.035|1.182
DATA=2455508.714|16.907|0.061|1.173
DATA=2455508.71694|17.004|0.068|1.164
DATA=2455508.71987|16.888|0.078|1.156
DATA=2455508.72575|17.059|0.272|1.141
DATA=2455508.7287|16.983|0.084|1.134
DATA=2455508.73164|16.904|0.044|1.127
DATA=2455508.75851|16.887|0.047|1.083
DATA=2455508.76145|16.937|0.047|1.08
DATA=2455508.76439|16.986|0.045|1.077
DATA=2455508.76733|16.894|0.039|1.074
DATA=2455508.77362|16.933|0.039|1.07
DATA=2455508.77655|16.987|0.054|1.068
DATA=2455508.78242|16.944|0.04|1.066
DATA=2455508.78536|16.942|0.042|1.065
DATA=2455508.80927|16.939|0.052|1.069
DATA=2455508.8122|16.934|0.04|1.071
DATA=2455508.81809|16.851|0.039|1.075
DATA=2455508.82102|16.79|0.061|1.078
DATA=2455508.82395|16.802|0.036|1.081
DATA=2455508.8269|16.731|0.034|1.084
DATA=2455508.82983|16.783|0.039|1.088
DATA=2455508.83278|16.684|0.033|1.092
DATA=2455508.83906|16.625|0.042|1.102
DATA=2455508.842|16.604|0.064|1.107
DATA=2455508.85082|16.558|0.064|1.124
DATA=2455508.85671|16.614|0.057|1.137
DATA=2455508.8718|16.589|0.03|1.178
DATA=2455508.87474|16.556|0.028|1.187
DATA=2455508.87767|16.621|0.03|1.197
DATA=2455508.88061|16.656|0.032|1.207
DATA=2455508.88355|16.749|0.034|1.218
DATA=2455508.88648|16.679|0.032|1.229
DATA=2455508.88942|16.712|0.034|1.241
DATA=2455508.89235|16.665|0.032|1.253
DATA=2455508.89529|16.779|0.038|1.266
DATA=2455508.89823|16.8|0.036|1.279
ENDDATA
