STARTMETADATA
REVISEDDATA=FALSE
OBJECTNUMBER=113567
OBJECTNAME=2002 TV36
MPCDESIG=2002 TV36
SESSIONDATE=2011-03-11
SESSIONTIME=07:00:00
CONTACTNAME=B. D. Warner
CONTACTINFO=brian@MinorPlanetObserver.com
OBSERVERS=Warner, B.D.
OBSLONGITUDE=-104.750556
OBSLATITUDE=+39.092778
OBJECTRA=11:28
OBJECTDEC=+16
PHASE=+5.60
PABL=+167.1
PABB=+9.3
FILTER=C
MAGBAND=R
CICORRECTION=TRUE
CIBAND=VR
CITARGET=+0.450
DIFFERMAGS=FALSE
MAGADJUST=0.0
STANDARD=INTERNAL
LTCAPP=NONE
LTCDAYS=-0.007102
LTCTYPE=NONE
REDUCEDMAGS=NONE
UCORMAG=-2.1728
PUBLICATION=
BIBCODE=
COMMENT=Observer Instrumentation: 0.35m f/9.1 SCT/FLI 1001E
DELIMITER=PIPE
COMPNAME1=112835.82 +161815.0
COMPRA1=11:28:35.76
COMPDEC1=+16:18:14.6
COMPMAG1=15.099
COMPCI1=0.461
COMPNAME2=112818.96 +161912.1
COMPRA2=11:28:18.96
COMPDEC2=+16:19:12.1
COMPMAG2=14.65
COMPCI2=0.393
COMPNAME3=112829.83 +161449.3
COMPRA3=11:28:29.83
COMPDEC3=+16:14:49.3
COMPMAG3=14.675
COMPCI3=0.416
ENDMETADATA
DATA=2455631.61072|19.072|0.272|2.226
DATA=2455631.61375|18.99|0.272|2.162
DATA=2455631.61678|19.264|0.362|2.103
DATA=2455631.62579|19.558|0.543|1.947
DATA=2455631.6348|19.485|0.362|1.816
DATA=2455631.64198|19.204|0.217|1.726
DATA=2455631.645|19.037|0.181|1.692
DATA=2455631.64801|19.153|0.181|1.659
DATA=2455631.65103|18.725|0.121|1.628
DATA=2455631.65405|18.825|0.136|1.598
DATA=2455631.65707|18.512|0.109|1.57
DATA=2455631.66005|18.474|0.099|1.544
DATA=2455631.66307|18.421|0.091|1.518
DATA=2455631.66608|18.36|0.091|1.494
DATA=2455631.6691|18.34|0.084|1.471
DATA=2455631.68039|18.21|0.073|1.394
DATA=2455631.68342|18.073|0.064|1.375
DATA=2455631.68645|18.123|0.073|1.358
DATA=2455631.68947|18.191|0.073|1.341
DATA=2455631.6925|18.281|0.078|1.325
DATA=2455631.69552|18.307|0.078|1.31
DATA=2455631.69854|18.242|0.072|1.295
DATA=2455631.70457|18.399|0.084|1.268
DATA=2455631.72729|18.994|0.181|1.187
DATA=2455631.73031|18.9|0.217|1.178
DATA=2455631.73333|19.539|0.362|1.17
DATA=2455631.73638|19.38|0.271|1.162
DATA=2455631.7394|19.528|0.362|1.155
DATA=2455631.75341|19.494|0.362|1.126
DATA=2455631.75643|19.29|0.217|1.121
DATA=2455631.75944|19.202|0.272|1.116
DATA=2455631.76247|18.85|0.181|1.112
DATA=2455631.76851|18.631|0.155|1.104
DATA=2455631.77154|18.65|0.217|1.101
ENDDATA
