STARTMETADATA
REVISEDDATA=FALSE
OBJECTNUMBER=23250
OBJECTNAME=2000 WQ181
MPCDESIG=2000 WQ181
SESSIONDATE=2008-01-06
SESSIONTIME=11:10:00
CONTACTNAME=J. Oey
CONTACTINFO=julianoey1@optusnet.com.au
OBSERVERS=Oey, J.
OBSLONGITUDE=+105.341667
OBSLATITUDE=-33.706667
OBJECTRA=06:59
OBJECTDEC=-18
PHASE=+23.76
PABL=+107.7
PABB=-29.3
FILTER=C
MAGBAND=R
CICORRECTION=FALSE
CIBAND=NONE
CITARGET=+0.000
DIFFERMAGS=TRUE
MAGADJUST=0.0
STANDARD=NONE
LTCAPP=NONE
LTCDAYS=-0.004228
LTCTYPE=NONE
REDUCEDMAGS=NONE
UCORMAG=-0.3559
PUBLICATION=
BIBCODE=
DELIMITER=PIPE
COMPNAME1=06 59.87 / -18 38.2
COMPRA1=
COMPDEC1=
COMPMAG1=0.0
COMPCI1=0.0
COMPNAME3=06 59.92 / -18 37.2
COMPRA3=
COMPDEC3=
COMPMAG3=0.0
COMPCI3=0.0
COMPNAME4=07 00.12 / -18 39.1
COMPRA4=
COMPDEC4=
COMPMAG4=0.0
COMPCI4=0.0
ENDMETADATA
DATA=2454471.96713|1.458|0.009|1.297
DATA=2454471.97065|1.611|0.013|1.278
DATA=2454471.97418|1.564|0.014|1.261
DATA=2454471.97771|1.653|0.024|1.244
DATA=2454471.98123|1.489|0.032|1.228
DATA=2454471.98475|1.519|0.029|1.213
DATA=2454471.98828|1.645|0.021|1.199
DATA=2454471.99181|1.68|0.015|1.185
DATA=2454471.99533|1.712|0.013|1.173
DATA=2454471.99886|1.709|0.013|1.161
DATA=2454472.00239|1.651|0.014|1.149
DATA=2454472.00592|1.653|0.016|1.139
DATA=2454472.00944|1.683|0.022|1.129
ENDDATA
