STARTMETADATA
REVISEDDATA=FALSE
OBJECTNUMBER=35369
OBJECTNAME=1997 UJ11
MPCDESIG=1997 UJ11
SESSIONDATE=2006-04-06
SESSIONTIME=13:57:00
CONTACTNAME=J. Oey
CONTACTINFO=julianoey1@optusnet.com.au
OBSERVERS=Oey, J.
OBSLONGITUDE=+105.341667
OBSLATITUDE=-33.706667
OBJECTRA=16:10
OBJECTDEC=-18
PHASE=+18.64
PABL=+234.8
PABB=+2.1
FILTER=C
MAGBAND=R
CICORRECTION=FALSE
CIBAND=NONE
CITARGET=+0.000
DIFFERMAGS=TRUE
MAGADJUST=0.0
STANDARD=NONE
LTCAPP=NONE
LTCDAYS=-0.008766
LTCTYPE=NONE
REDUCEDMAGS=NONE
UCORMAG=-2.7294
PUBLICATION=
BIBCODE=
DELIMITER=PIPE
COMPNAME1=X:214.06/Y:259.94
COMPRA1=
COMPDEC1=
COMPMAG1=0.0
COMPCI1=0.0
COMPNAME2=X:331.18/Y:201.61
COMPRA2=
COMPDEC2=
COMPMAG2=0.0
COMPCI2=0.0
ENDMETADATA
DATA=2453832.08321|0.131|0.032|1.414
DATA=2453832.08675|0.126|0.032|1.389
DATA=2453832.09029|0.055|0.029|1.365
DATA=2453832.09385|0.081|0.029|1.343
DATA=2453832.09741|0.056|0.028|1.321
DATA=2453832.10095|0.092|0.029|1.301
DATA=2453832.10449|0.23|0.03|1.282
DATA=2453832.10804|0.192|0.03|1.264
DATA=2453832.11157|0.191|0.029|1.247
DATA=2453832.11512|0.208|0.03|1.231
DATA=2453832.11868|0.19|0.029|1.215
DATA=2453832.12221|0.169|0.029|1.201
DATA=2453832.12576|0.221|0.031|1.187
DATA=2453832.12931|0.183|0.03|1.175
DATA=2453832.13286|0.235|0.033|1.162
DATA=2453832.1364|0.155|0.029|1.151
DATA=2453832.13995|0.164|0.029|1.14
DATA=2453832.14349|0.123|0.028|1.13
DATA=2453832.14704|0.143|0.028|1.121
DATA=2453832.1506|0.141|0.027|1.112
DATA=2453832.15415|0.196|0.028|1.103
DATA=2453832.1577|0.209|0.029|1.096
DATA=2453832.16124|0.175|0.03|1.089
DATA=2453832.1648|0.202|0.031|1.082
DATA=2453832.16834|0.233|0.032|1.076
DATA=2453832.1719|0.172|0.031|1.07
DATA=2453832.17546|0.189|0.032|1.065
DATA=2453832.17901|0.199|0.032|1.06
DATA=2453832.18255|0.201|0.029|1.056
DATA=2453832.18611|0.13|0.029|1.052
DATA=2453832.18965|0.126|0.03|1.049
DATA=2453832.1932|0.167|0.031|1.046
DATA=2453832.19676|0.153|0.031|1.044
DATA=2453832.20034|0.129|0.03|1.042
DATA=2453832.20388|0.176|0.03|1.04
DATA=2453832.20744|0.174|0.03|1.039
DATA=2453832.21099|0.154|0.03|1.038
DATA=2453832.21455|0.183|0.03|1.038
DATA=2453832.21812|0.209|0.031|1.038
DATA=2453832.22168|0.185|0.032|1.039
DATA=2453832.22526|0.183|0.03|1.04
ENDDATA
