STARTMETADATA
REVISEDDATA=FALSE
OBJECTNUMBER=138937
OBJECTNAME=2001 BK16
MPCDESIG=2001 BK16
SESSIONDATE=2010-01-06
SESSIONTIME=05:50:00
CONTACTNAME=B. A. Skiff
CONTACTINFO=B. A. Skiff, Lowell Observatory, 1400 West Mars Hill Road, Flagstaff, AZ 86001 USA
OBSERVERS=McLelland, K. P.
OBSLONGITUDE=-111.535528
OBSLATITUDE=+35.096750
OBJECTRA=04:14
OBJECTDEC=+10
PHASE=+31.04
PABL=+79.0
PABB=-6.9
FILTER=CLEAR
MAGBAND=SR
CICORRECTION=FALSE
CIBAND=NONE
CITARGET=+0.000
DIFFERMAGS=FALSE
MAGADJUST=0.0
STANDARD=INTERNAL
LTCAPP=NONE
LTCDAYS=-0.002280
LTCTYPE=NONE
REDUCEDMAGS=NONE
UCORMAG=+1.4469
PUBLICATION=
BIBCODE=
COMMENT=The long/lat are for the CONTACT's location, not necessarily the observer's
DELIMITER=PIPE
COMPNAME1=041521.03 +104444.5
COMPRA1=
COMPDEC1=
COMPMAG1=14.546
COMPCI1=0.456
COMPNAME2=041336.22 +104956.8
COMPRA2=
COMPDEC2=
COMPMAG2=14.546
COMPCI2=0.489
COMPNAME3=041338.68 +104148.9
COMPRA3=
COMPDEC3=
COMPMAG3=14.453
COMPCI3=0.451
COMPNAME4=041414.34 +105439.8
COMPRA4=
COMPDEC4=
COMPMAG4=14.801
COMPCI4=0.458
ENDMETADATA
DATA=2455202.65193|17.308|0.023|
DATA=2455202.65517|17.38|0.027|
DATA=2455202.65841|17.391|0.025|
DATA=2455202.66164|17.396|0.022|
DATA=2455202.66488|17.374|0.023|
DATA=2455202.66813|17.393|0.026|
DATA=2455202.67137|17.395|0.031|
DATA=2455202.67461|17.386|0.027|
DATA=2455202.67785|17.376|0.027|
DATA=2455202.68109|17.39|0.023|
DATA=2455202.68432|17.383|0.024|
DATA=2455202.68756|17.36|0.022|
DATA=2455202.69079|17.403|0.024|
DATA=2455202.69402|17.423|0.027|
DATA=2455202.69726|17.442|0.025|
DATA=2455202.70049|17.385|0.029|
DATA=2455202.70372|17.437|0.027|
DATA=2455202.70696|17.368|0.024|
DATA=2455202.7102|17.398|0.023|
DATA=2455202.71343|17.459|0.025|
DATA=2455202.72315|17.455|0.024|
DATA=2455202.72639|17.488|0.024|
DATA=2455202.72962|17.47|0.023|
DATA=2455202.73285|17.423|0.023|
DATA=2455202.73609|17.434|0.022|
DATA=2455202.73933|17.439|0.023|
DATA=2455202.74256|17.475|0.023|
DATA=2455202.75226|17.448|0.03|
DATA=2455202.7555|17.455|0.034|
DATA=2455202.75873|17.486|0.027|
DATA=2455202.76196|17.51|0.026|
DATA=2455202.76519|17.542|0.027|
DATA=2455202.76841|17.515|0.028|
DATA=2455202.77164|17.414|0.026|
DATA=2455202.77487|17.491|0.028|
DATA=2455202.77813|17.476|0.029|
DATA=2455202.78137|17.548|0.039|
DATA=2455202.78461|17.458|0.039|
DATA=2455202.78784|17.556|0.036|
DATA=2455202.79107|17.539|0.035|
DATA=2455202.79429|17.589|0.036|
DATA=2455202.79754|17.593|0.044|
DATA=2455202.80079|17.63|0.042|
DATA=2455202.80403|17.63|0.039|
DATA=2455202.80727|17.597|0.042|
DATA=2455202.81051|17.631|0.044|
DATA=2455202.81375|17.56|0.039|
DATA=2455202.81698|17.657|0.049|
DATA=2455202.82669|17.751|0.068|
ENDDATA
