STARTMETADATA
REVISEDDATA=FALSE
OBJECTNUMBER=5281
OBJECTNAME=Lindstrom
MPCDESIG=1988 SO1
SESSIONDATE=2008-06-29
SESSIONTIME=06:25:00
CONTACTNAME=J. W. Brinsfield
CONTACTINFO=jbrinsfi@viacapotesky.com
OBSERVERS=Brinsfield, J.W.
OBSLONGITUDE=-118.984444
OBSLATITUDE=+34.169722
OBJECTRA=17:25
OBJECTDEC=-13
PHASE=+6.00
PABL=+264.1
PABB=+7.9
FILTER=C
MAGBAND=R
CICORRECTION=FALSE
CIBAND=NONE
CITARGET=+0.000
DIFFERMAGS=TRUE
MAGADJUST=0.0
STANDARD=NONE
LTCAPP=NONE
LTCDAYS=-0.012360
LTCTYPE=NONE
REDUCEDMAGS=NONE
UCORMAG=-4.1253
PUBLICATION=
BIBCODE=
DELIMITER=PIPE
COMPNAME1=17 26.81 / -13 57.4
COMPRA1=
COMPDEC1=
COMPMAG1=0.0
COMPCI1=0.0
COMPNAME2=17 26.87 / -13 56.3
COMPRA2=
COMPDEC2=
COMPMAG2=0.0
COMPCI2=0.0
COMPNAME3=17 26.72 / -14 03.5
COMPRA3=
COMPDEC3=
COMPMAG3=0.0
COMPCI3=0.0
COMPNAME4=17 26.20 / -14 07.2
COMPRA4=
COMPDEC4=
COMPMAG4=0.0
COMPCI4=0.0
COMPNAME5=17 26.05 / -14 05.8
COMPRA5=
COMPDEC5=
COMPMAG5=0.0
COMPCI5=0.0
ENDMETADATA
DATA=2454646.68076|2.234|0.055|1.944
DATA=2454646.6885|2.185|0.044|1.86
DATA=2454646.69623|2.048|0.035|1.789
DATA=2454646.70394|1.982|0.032|1.728
DATA=2454646.71287|1.876|0.026|1.667
DATA=2454646.72053|1.761|0.023|1.624
DATA=2454646.72818|1.6|0.02|1.587
DATA=2454646.73589|1.467|0.018|1.555
DATA=2454646.74444|1.41|0.017|1.527
DATA=2454646.75211|1.394|0.016|1.506
DATA=2454646.75977|1.429|0.016|1.491
DATA=2454646.76746|1.367|0.015|1.479
DATA=2454646.77607|1.292|0.014|1.471
DATA=2454646.78379|1.372|0.015|1.469
DATA=2454646.79146|1.386|0.015|1.47
DATA=2454646.795|1.367|0.015|1.472
DATA=2454646.7994|1.407|0.015|1.476
DATA=2454646.80655|1.416|0.015|1.485
DATA=2454646.81006|1.371|0.015|1.491
DATA=2454646.8145|1.414|0.015|1.5
DATA=2454646.81807|1.441|0.015|1.508
DATA=2454646.82161|1.379|0.015|1.517
DATA=2454646.82519|1.467|0.016|1.527
DATA=2454646.82962|1.462|0.016|1.541
DATA=2454646.83316|1.442|0.015|1.554
DATA=2454646.83669|1.434|0.015|1.567
DATA=2454646.84021|1.499|0.016|1.582
DATA=2454646.84467|1.56|0.017|1.602
DATA=2454646.84821|1.529|0.016|1.62
DATA=2454646.85177|1.556|0.017|1.639
ENDDATA
STARTMETADATA
REVISEDDATA=FALSE
OBJECTNUMBER=5281
OBJECTNAME=Lindstrom
MPCDESIG=1988 SO1
SESSIONDATE=2008-06-30
SESSIONTIME=08:12:00
CONTACTNAME=J. W. Brinsfield
CONTACTINFO=jbrinsfi@viacapotesky.com
OBSERVERS=Brinsfield, J.W.
OBSLONGITUDE=-118.984444
OBSLATITUDE=+34.169722
OBJECTRA=17:24
OBJECTDEC=-13
PHASE=+6.33
PABL=+264.1
PABB=+7.8
FILTER=C
MAGBAND=R
CICORRECTION=FALSE
CIBAND=NONE
CITARGET=+0.000
DIFFERMAGS=TRUE
MAGADJUST=0.0
STANDARD=NONE
LTCAPP=NONE
LTCDAYS=-0.012378
LTCTYPE=NONE
REDUCEDMAGS=NONE
UCORMAG=-4.1275
PUBLICATION=
BIBCODE=
DELIMITER=PIPE
COMPNAME1=19 53.06 / -14 36.0
COMPRA1=
COMPDEC1=
COMPMAG1=0.0
COMPCI1=0.0
COMPNAME2=19 53.32 / -14 35.0
COMPRA2=
COMPDEC2=
COMPMAG2=0.0
COMPCI2=0.0
COMPNAME3=19 53.47 / -14 36.4
COMPRA3=
COMPDEC3=
COMPMAG3=0.0
COMPCI3=0.0
COMPNAME4=19 53.46 / -14 40.5
COMPRA4=
COMPDEC4=
COMPMAG4=0.0
COMPCI4=0.0
COMPNAME5=19 54.10 / -14 38.1
COMPRA5=
COMPDEC5=
COMPMAG5=0.0
COMPCI5=0.0
ENDMETADATA
DATA=2454647.77311|1.353|0.014|1.471
DATA=2454647.79574|1.713|0.02|1.476
DATA=2454647.81826|1.846|0.02|1.517
DATA=2454647.8406|1.985|0.022|1.599
DATA=2454647.86305|1.938|0.021|1.734
DATA=2454647.88542|1.611|0.017|1.945
DATA=2454647.90774|1.422|0.017|2.277
ENDDATA
