STARTMETADATA
REVISEDDATA=FALSE
OBJECTNUMBER=164716
OBJECTNAME=1998 GH
MPCDESIG=1998 GH
SESSIONDATE=2010-11-02
SESSIONTIME=07:00:00
CONTACTNAME=B. A. Skiff
CONTACTINFO=B. A. Skiff, Lowell Observatory, 1400 West Mars Hill Road, Flagstaff, AZ 86001 USA
OBSERVERS=Skiff, B.A.
OBSLONGITUDE=-111.535833
OBSLATITUDE=+35.098500
OBJECTRA=02:16
OBJECTDEC=+17
PHASE=+2.29
PABL=+38.2
PABB=+2.5
FILTER=R
MAGBAND=SR
CICORRECTION=FALSE
CIBAND=NONE
CITARGET=+0.000
DIFFERMAGS=FALSE
MAGADJUST=0.0
STANDARD=INTERNAL
LTCAPP=NONE
LTCDAYS=-0.004326
LTCTYPE=NONE
REDUCEDMAGS=NONE
UCORMAG=-0.5775
PUBLICATION=
BIBCODE=
COMMENT=The long/lat are for the CONTACT's location, not necessarily the observer's
DELIMITER=PIPE
COMPNAME1=021628.29 +172605.4
COMPRA1=
COMPDEC1=
COMPMAG1=12.339
COMPCI1=0.371
COMPNAME2=021633.12 +172134.5
COMPRA2=
COMPDEC2=
COMPMAG2=14.197
COMPCI2=0.484
COMPNAME3=021633.51 +172456.6
COMPRA3=
COMPDEC3=
COMPMAG3=15.046
COMPCI3=0.726
COMPNAME4=021629.12 +172708.1
COMPRA4=
COMPDEC4=
COMPMAG4=14.097
COMPCI4=0.359
COMPNAME5=021628.90 +172357.1
COMPRA5=
COMPDEC5=
COMPMAG5=15.576
COMPCI5=0.513
ENDMETADATA
DATA=2455502.58904|16.4|0.038|
DATA=2455502.59048|16.437|0.038|
DATA=2455502.59193|16.438|0.038|
DATA=2455502.59338|16.409|0.037|
DATA=2455502.59482|16.401|0.037|
DATA=2455502.59628|16.454|0.038|
DATA=2455502.59773|16.438|0.038|
DATA=2455502.59918|16.402|0.036|
DATA=2455502.60062|16.475|0.038|
DATA=2455502.60208|16.493|0.038|
DATA=2455502.60353|16.455|0.037|
DATA=2455502.60498|16.435|0.037|
DATA=2455502.60905|16.433|0.037|
DATA=2455502.6105|16.409|0.036|
DATA=2455502.61195|16.391|0.035|
DATA=2455502.6134|16.432|0.036|
DATA=2455502.61625|16.401|0.035|
DATA=2455502.61909|16.402|0.035|
DATA=2455502.62194|16.37|0.034|
DATA=2455502.62478|16.351|0.033|
DATA=2455502.62761|16.354|0.033|
DATA=2455502.63044|16.377|0.033|
DATA=2455502.63327|16.335|0.032|
DATA=2455502.63611|16.362|0.032|
DATA=2455502.63895|16.351|0.031|
DATA=2455502.64179|16.375|0.032|
DATA=2455502.64463|16.367|0.031|
DATA=2455502.65356|16.403|0.032|
DATA=2455502.6564|16.368|0.03|
DATA=2455502.65924|16.398|0.031|
DATA=2455502.66413|16.408|0.032|
DATA=2455502.66698|16.435|0.032|
DATA=2455502.66981|16.391|0.031|
DATA=2455502.67264|16.378|0.03|
DATA=2455502.67986|16.364|0.03|
DATA=2455502.68705|16.355|0.029|
DATA=2455502.69425|16.34|0.029|
DATA=2455502.70147|16.371|0.029|
DATA=2455502.71064|16.384|0.029|
DATA=2455502.71961|16.418|0.03|
DATA=2455502.74587|16.341|0.027|
DATA=2455502.75505|16.409|0.029|
DATA=2455502.77453|16.425|0.029|
DATA=2455502.78384|16.355|0.027|
DATA=2455502.79313|16.341|0.027|
DATA=2455502.80245|16.371|0.028|
DATA=2455502.83036|16.399|0.029|
DATA=2455502.83963|16.404|0.029|
DATA=2455502.84887|16.379|0.027|
DATA=2455502.85812|16.351|0.027|
DATA=2455502.86733|16.446|0.029|
DATA=2455502.89601|16.385|0.028|
DATA=2455502.90527|16.335|0.028|
DATA=2455502.92184|16.403|0.031|
DATA=2455502.94322|16.457|0.033|
DATA=2455502.95774|16.412|0.035|
DATA=2455502.96697|16.351|0.035|
DATA=2455502.97621|16.425|0.039|
DATA=2455502.98545|16.439|0.041|
DATA=2455502.99747|16.42|0.042|
ENDDATA
