STARTMETADATA
REVISEDDATA=FALSE
OBJECTNUMBER=2776
OBJECTNAME=Baikal
MPCDESIG=1976 SZ7
SESSIONDATE=2007-01-16
SESSIONTIME=11:15:00
CONTACTNAME=J. Oey
CONTACTINFO=julianoey1@optusnet.com.au
OBSERVERS=Oey, J.
OBSLONGITUDE=+105.341667
OBSLATITUDE=-33.706667
OBJECTRA=08:33
OBJECTDEC=+09
PHASE=+7.37
PABL=+125.2
PABB=-6.4
FILTER=C
MAGBAND=R
CICORRECTION=FALSE
CIBAND=NONE
CITARGET=+0.000
DIFFERMAGS=TRUE
MAGADJUST=0.0
STANDARD=NONE
LTCAPP=NONE
LTCDAYS=-0.005903
LTCTYPE=NONE
REDUCEDMAGS=NONE
UCORMAG=-1.5421
PUBLICATION=
BIBCODE=
DELIMITER=PIPE
COMPNAME1=X:208.97/Y:149.22
COMPRA1=
COMPDEC1=
COMPMAG1=0.0
COMPCI1=0.0
COMPNAME2=X:370.30/Y:87.85
COMPRA2=
COMPDEC2=
COMPMAG2=0.0
COMPCI2=0.0
COMPNAME3=X:484.23/Y:174.94
COMPRA3=
COMPDEC3=
COMPMAG3=0.0
COMPCI3=0.0
COMPNAME4=X:83.77/Y:283.21
COMPRA4=
COMPDEC4=
COMPMAG4=0.0
COMPCI4=0.0
ENDMETADATA
DATA=2454116.97084|0.088|0.011|2.434
DATA=2454116.97438|0.061|0.01|2.351
DATA=2454116.97791|0.061|0.01|2.276
DATA=2454116.98145|0.06|0.01|2.206
DATA=2454116.98499|0.036|0.011|2.141
DATA=2454116.98853|0.079|0.01|2.082
DATA=2454116.99207|0.065|0.009|2.027
DATA=2454116.99561|0.047|0.009|1.975
DATA=2454116.99915|0.086|0.01|1.928
DATA=2454117.00268|0.071|0.011|1.883
DATA=2454117.00621|0.066|0.01|1.842
DATA=2454117.00975|0.111|0.01|1.804
DATA=2454117.01329|0.089|0.009|1.768
DATA=2454117.01682|0.102|0.009|1.734
DATA=2454117.02037|0.061|0.009|1.703
DATA=2454117.0239|0.054|0.011|1.673
DATA=2454117.02744|0.064|0.009|1.646
DATA=2454117.03097|0.065|0.01|1.62
DATA=2454117.0345|0.061|0.009|1.596
DATA=2454117.03805|0.078|0.007|1.574
DATA=2454117.04157|0.054|0.007|1.553
DATA=2454117.0451|0.077|0.007|1.533
DATA=2454117.04864|0.091|0.008|1.515
DATA=2454117.05217|0.079|0.008|1.498
DATA=2454117.0557|0.091|0.01|1.482
ENDDATA
