STARTMETADATA
REVISEDDATA=FALSE
OBJECTNUMBER=57739
OBJECTNAME=2001 UF162
MPCDESIG=2001 UF162
SESSIONDATE=2012-02-24
SESSIONTIME=07:00:00
CONTACTNAME=B. D. Warner
CONTACTINFO=brian@MinorPlanetObserver.com
OBSERVERS=B. D. Warner
OBSLONGITUDE=-104.750556
OBSLATITUDE=+39.092778
OBJECTRA=09:39
OBJECTDEC=+25
PHASE=+6.41
PABL=+141.3
PABB=+9.3
FILTER=C
MAGBAND=V
CICORRECTION=TRUE
CIBAND=VR
CITARGET=+0.450
DIFFERMAGS=FALSE
MAGADJUST=0.0
STANDARD=INTERNAL
LTCAPP=NONE
LTCDAYS=-0.011716
LTCTYPE=NONE
REDUCEDMAGS=NONE
UCORMAG=-3.9086
PUBLICATION=
BIBCODE=
COMMENT=Unless otherwise stated, the long/lat are for the observer location
DELIMITER=PIPE
COMPNAME1=093901.45 +254148.1
COMPRA1=09:39:01.46
COMPDEC1=+25:41:47.9
COMPMAG1=14.292
COMPCI1=0.47
COMPNAME2=093901.68 +254035.5
COMPRA2=09:39:01.69
COMPDEC2=+25:40:35.3
COMPMAG2=14.055
COMPCI2=0.406
COMPNAME3=093903.29 +254518.8
COMPRA3=09:39:03.30
COMPDEC3=+25:45:18.6
COMPMAG3=13.947
COMPCI3=0.388
COMPNAME4=093923.79 +253844.0
COMPRA4=09:39:23.79
COMPDEC4=+25:38:43.8
COMPMAG4=13.604
COMPCI4=0.36
COMPNAME5=093955.23 +254106.2
COMPRA5=09:39:55.21
COMPDEC5=+25:41:05.9
COMPMAG5=13.395
COMPCI5=0.359
ENDMETADATA
DATA=2455981.74364|19.297|0.121|1.038
DATA=2455981.74734|19.397|0.136|1.036
DATA=2455981.75105|19.571|0.155|1.034
DATA=2455981.75475|19.473|0.136|1.033
DATA=2455981.75845|19.516|0.136|1.031
DATA=2455981.76216|19.585|0.155|1.031
DATA=2455981.76586|19.691|0.155|1.03
DATA=2455981.76957|19.437|0.136|1.031
DATA=2455981.77329|19.422|0.136|1.031
DATA=2455981.777|19.621|0.155|1.032
DATA=2455981.79041|19.08|0.099|1.039
DATA=2455981.79412|19.19|0.109|1.042
DATA=2455981.80901|19.044|0.09|1.058
DATA=2455981.81273|19.148|0.099|1.063
DATA=2455981.81647|19.358|0.121|1.068
DATA=2455981.82021|19.258|0.109|1.075
DATA=2455981.82393|19.361|0.121|1.081
DATA=2455981.87703|19.483|0.155|1.239
DATA=2455981.88074|19.452|0.155|1.256
DATA=2455981.88447|19.621|0.181|1.273
DATA=2455981.88818|19.485|0.155|1.292
DATA=2455981.8919|19.492|0.155|1.312
DATA=2455981.89935|19.477|0.155|1.354
DATA=2455981.90307|19.412|0.155|1.377
DATA=2455981.90678|19.307|0.136|1.401
DATA=2455981.9105|19.098|0.109|1.427
DATA=2455981.92059|18.959|0.099|1.504
DATA=2455981.9243|19.082|0.109|1.536
DATA=2455981.92801|19.028|0.109|1.569
DATA=2455981.93173|19.148|0.121|1.605
DATA=2455981.93545|19.21|0.136|1.642
DATA=2455981.93916|19.164|0.136|1.682
DATA=2455981.94288|19.304|0.155|1.725
ENDDATA
