STARTMETADATA
REVISEDDATA=FALSE
OBJECTNUMBER=7609
OBJECTNAME=1995 WX3
MPCDESIG=1995 WX3
SESSIONDATE=2008-10-07
SESSIONTIME=09:07:00
CONTACTNAME=J. Oey
CONTACTINFO=julianoey1@optusnet.com.au
OBSERVERS=Oey, J.
OBSLONGITUDE=+105.341667
OBSLATITUDE=-33.706667
OBJECTRA=00:29
OBJECTDEC=-01
PHASE=+3.07
PABL=+7.6
PABB=-3.7
FILTER=C
MAGBAND=R
CICORRECTION=FALSE
CIBAND=NONE
CITARGET=+0.000
DIFFERMAGS=TRUE
MAGADJUST=0.0
STANDARD=NONE
LTCAPP=NONE
LTCDAYS=-0.011505
LTCTYPE=NONE
REDUCEDMAGS=NONE
UCORMAG=-3.8719
PUBLICATION=
BIBCODE=
DELIMITER=PIPE
COMPNAME1=X:162.3 / Y:78.6
COMPRA1=
COMPDEC1=
COMPMAG1=0.0
COMPCI1=0.0
COMPNAME2=X:267.8 / Y:151.6
COMPRA2=
COMPDEC2=
COMPMAG2=0.0
COMPCI2=0.0
COMPNAME3=X:165.0 / Y:226.4
COMPRA3=
COMPDEC3=
COMPMAG3=0.0
COMPCI3=0.0
COMPNAME4=X:427.5 / Y:251.1
COMPRA4=
COMPDEC4=
COMPMAG4=0.0
COMPCI4=0.0
ENDMETADATA
DATA=2454746.88206|1.788|0.04|2.567
DATA=2454746.88581|1.805|0.034|2.458
DATA=2454746.88959|1.725|0.029|2.358
DATA=2454746.89349|1.789|0.03|2.264
DATA=2454746.89731|1.81|0.032|2.181
DATA=2454746.90108|1.738|0.027|2.105
DATA=2454746.90488|1.724|0.027|2.035
DATA=2454746.90862|1.769|0.026|1.972
DATA=2454746.91248|1.754|0.025|1.911
DATA=2454746.91629|1.707|0.024|1.856
DATA=2454746.92022|1.754|0.024|1.804
DATA=2454746.92405|1.747|0.023|1.756
DATA=2454746.92782|1.75|0.023|1.713
DATA=2454746.93166|1.739|0.023|1.672
DATA=2454746.93543|1.723|0.021|1.634
DATA=2454746.93914|1.775|0.021|1.599
DATA=2454746.94297|1.744|0.021|1.566
DATA=2454746.94669|1.729|0.02|1.536
DATA=2454746.95041|1.691|0.019|1.507
DATA=2454746.95422|1.735|0.02|1.48
DATA=2454746.95799|1.689|0.018|1.455
DATA=2454746.96177|1.665|0.018|1.432
DATA=2454746.96559|1.696|0.018|1.409
DATA=2454746.96937|1.677|0.018|1.389
DATA=2454746.9732|1.723|0.018|1.369
DATA=2454746.97692|1.653|0.017|1.352
DATA=2454746.98068|1.712|0.017|1.335
DATA=2454746.98444|1.686|0.017|1.319
DATA=2454746.9882|1.68|0.017|1.305
DATA=2454746.99196|1.74|0.018|1.291
DATA=2454746.99572|1.72|0.017|1.279
DATA=2454746.99947|1.66|0.016|1.267
DATA=2454747.00322|1.706|0.017|1.257
DATA=2454747.00698|1.71|0.017|1.247
DATA=2454747.0108|1.682|0.016|1.238
DATA=2454747.01455|1.692|0.016|1.23
DATA=2454747.01831|1.652|0.015|1.222
DATA=2454747.02205|1.66|0.015|1.216
DATA=2454747.02579|1.644|0.015|1.21
DATA=2454747.02951|1.646|0.015|1.205
DATA=2454747.03329|1.68|0.016|1.2
DATA=2454747.03701|1.645|0.015|1.196
DATA=2454747.0408|1.665|0.015|1.193
DATA=2454747.04452|1.664|0.016|1.191
DATA=2454747.04824|1.684|0.016|1.189
DATA=2454747.05201|1.721|0.016|1.188
DATA=2454747.05574|1.679|0.015|1.187
DATA=2454747.05946|1.664|0.016|1.188
DATA=2454747.0718|1.694|0.022|1.198
DATA=2454747.07569|1.707|0.021|1.201
DATA=2454747.07949|1.768|0.021|1.205
DATA=2454747.08329|1.736|0.021|1.21
DATA=2454747.08723|1.689|0.02|1.216
DATA=2454747.09103|1.696|0.02|1.223
DATA=2454747.09485|1.67|0.019|1.23
DATA=2454747.09872|1.688|0.02|1.238
DATA=2454747.10252|1.681|0.019|1.247
DATA=2454747.10704|1.724|0.02|1.258
DATA=2454747.11083|1.704|0.02|1.269
DATA=2454747.11464|1.713|0.02|1.28
DATA=2454747.11844|1.656|0.019|1.293
DATA=2454747.12225|1.648|0.018|1.306
DATA=2454747.12612|1.685|0.02|1.321
DATA=2454747.12993|1.649|0.018|1.337
DATA=2454747.13373|1.626|0.018|1.354
DATA=2454747.13789|1.703|0.021|1.374
DATA=2454747.14177|1.731|0.021|1.393
DATA=2454747.15723|1.7|0.023|1.488
DATA=2454747.16117|1.712|0.022|1.516
DATA=2454747.16496|1.724|0.023|1.545
DATA=2454747.17278|1.728|0.027|1.612
DATA=2454747.17658|1.722|0.023|1.649
DATA=2454747.18066|1.697|0.023|1.69
DATA=2454747.18447|1.691|0.022|1.732
DATA=2454747.18834|1.644|0.021|1.778
DATA=2454747.19977|1.667|0.024|1.936
DATA=2454747.20364|1.643|0.023|1.998
DATA=2454747.21161|1.693|0.027|2.144
DATA=2454747.21581|1.69|0.025|2.233
DATA=2454747.21968|1.714|0.028|2.322
DATA=2454747.23116|1.741|0.03|2.644
ENDDATA
