STARTMETADATA
REVISEDDATA=FALSE
OBJECTNUMBER=1401
OBJECTNAME=Lavonne
MPCDESIG=1935 UD
SESSIONDATE=2008-08-08
SESSIONTIME=05:25:00
CONTACTNAME=R. I. Durkee
CONTACTINFO=russdurkee@earthlink.net
OBSERVERS=Durkee, R.I.
OBSLONGITUDE=-93.220000
OBSLATITUDE=+44.983333
OBJECTRA=00:39
OBJECTDEC=+16
PHASE=+28.81
PABL=+1.0
PABB=+9.4
FILTER=C
MAGBAND=R
CICORRECTION=FALSE
CIBAND=NONE
CITARGET=+0.000
DIFFERMAGS=TRUE
MAGADJUST=0.0
STANDARD=NONE
LTCAPP=NONE
LTCDAYS=-0.006338
LTCTYPE=NONE
REDUCEDMAGS=NONE
UCORMAG=-1.5119
PUBLICATION=
BIBCODE=
DELIMITER=PIPE
COMPNAME1=X:387.42/Y:266.55
COMPRA1=
COMPDEC1=
COMPMAG1=0.0
COMPCI1=0.0
COMPNAME2=X:570.99/Y:256.20
COMPRA2=
COMPDEC2=
COMPMAG2=0.0
COMPCI2=0.0
COMPNAME3=X:697.22/Y:308.84
COMPRA3=
COMPDEC3=
COMPMAG3=0.0
COMPCI3=0.0
COMPNAME4=X:372.32/Y:46.71
COMPRA4=
COMPDEC4=
COMPMAG4=0.0
COMPCI4=0.0
ENDMETADATA
DATA=2454686.73834|0.609|0.01|1.87
DATA=2454686.73981|0.613|0.01|1.851
DATA=2454686.74134|0.614|0.01|1.832
DATA=2454686.74291|0.602|0.01|1.813
DATA=2454686.74438|0.598|0.01|1.796
DATA=2454686.74584|0.64|0.01|1.779
DATA=2454686.74738|0.608|0.01|1.762
DATA=2454686.74897|0.596|0.01|1.744
DATA=2454686.75044|0.623|0.01|1.728
DATA=2454686.7519|0.634|0.01|1.713
DATA=2454686.75502|0.639|0.01|1.682
DATA=2454686.75649|0.649|0.01|1.668
DATA=2454686.75795|0.669|0.01|1.654
DATA=2454686.75949|0.655|0.01|1.639
DATA=2454686.76256|0.67|0.009|1.612
DATA=2454686.76402|0.699|0.009|1.6
DATA=2454686.78214|0.816|0.01|1.465
DATA=2454686.78524|0.823|0.01|1.446
DATA=2454686.7867|0.834|0.01|1.437
DATA=2454686.7913|0.835|0.009|1.41
DATA=2454686.79276|0.832|0.009|1.402
DATA=2454686.79423|0.834|0.009|1.394
DATA=2454686.79735|0.798|0.009|1.378
DATA=2454686.80181|0.743|0.009|1.356
DATA=2454686.80631|0.717|0.008|1.335
DATA=2454686.81089|0.664|0.008|1.316
DATA=2454686.81548|0.641|0.008|1.297
DATA=2454686.81694|0.642|0.008|1.292
DATA=2454686.81994|0.614|0.008|1.281
DATA=2454686.82599|0.618|0.008|1.26
DATA=2454686.82904|0.62|0.008|1.251
DATA=2454686.83051|0.639|0.008|1.246
DATA=2454686.83363|0.656|0.008|1.237
DATA=2454686.83509|0.66|0.008|1.233
DATA=2454686.8397|0.699|0.008|1.221
DATA=2454686.84116|0.715|0.008|1.217
DATA=2454686.84575|0.776|0.008|1.206
DATA=2454686.84869|0.793|0.008|1.199
DATA=2454686.85328|0.804|0.008|1.19
DATA=2454686.85474|0.846|0.009|1.187
DATA=2454686.85786|0.853|0.009|1.182
DATA=2454686.85932|0.863|0.009|1.179
DATA=2454686.8639|0.855|0.009|1.172
DATA=2454686.86537|0.832|0.009|1.17
DATA=2454686.86839|0.811|0.008|1.165
DATA=2454686.86998|0.789|0.008|1.163
DATA=2454686.87291|0.781|0.008|1.16
DATA=2454686.87444|0.755|0.008|1.158
DATA=2454686.88209|0.677|0.008|1.151
DATA=2454686.88356|0.682|0.008|1.15
DATA=2454686.88657|0.649|0.008|1.148
DATA=2454686.88815|0.642|0.008|1.147
DATA=2454686.89108|0.639|0.008|1.145
DATA=2454686.89262|0.622|0.007|1.144
DATA=2454686.90027|0.611|0.007|1.142
DATA=2454686.90173|0.583|0.007|1.142
ENDDATA
