STARTMETADATA
REVISEDDATA=FALSE
OBJECTNUMBER=114367
OBJECTNAME=2002 XA89
MPCDESIG=2002 XA89
SESSIONDATE=2011-11-28
SESSIONTIME=07:00:00
CONTACTNAME=B. D. Warner
CONTACTINFO=brian@MinorPlanetObserver.com
OBSERVERS=B. D. Warner
OBSLONGITUDE=-104.750556
OBSLATITUDE=+39.092778
OBJECTRA=02:58
OBJECTDEC=+12
PHASE=+9.12
PABL=+50.3
PABB=-3.2
FILTER=C
MAGBAND=R
CICORRECTION=TRUE
CIBAND=VR
CITARGET=+0.450
DIFFERMAGS=FALSE
MAGADJUST=0.0
STANDARD=INTERNAL
LTCAPP=NONE
LTCDAYS=-0.006878
LTCTYPE=NONE
REDUCEDMAGS=NONE
UCORMAG=-2.0379
PUBLICATION=
BIBCODE=
COMMENT=Unless otherwise stated, the long/lat are for the observer location
DELIMITER=PIPE
COMPNAME1=025802.59 +123429.0
COMPRA1=02:58:02.61
COMPDEC1=+12:34:29.0
COMPMAG1=16.052
COMPCI1=0.478
COMPNAME2=025809.64 +123028.7
COMPRA2=02:58:09.61
COMPDEC2=+12:30:28.8
COMPMAG2=15.9
COMPCI2=0.479
COMPNAME3=025754.36 +123718.9
COMPRA3=02:57:54.39
COMPDEC3=+12:37:18.7
COMPMAG3=16.155
COMPCI3=0.463
COMPNAME4=025757.36 +123547.3
COMPRA4=02:57:57.35
COMPDEC4=+12:35:47.2
COMPMAG4=14.071
COMPCI4=0.456
ENDMETADATA
DATA=2455893.56345|17.238|0.026|1.944
DATA=2455893.56853|17.244|0.026|1.869
DATA=2455893.57359|17.258|0.026|1.8
DATA=2455893.57866|17.245|0.025|1.738
DATA=2455893.58372|17.18|0.023|1.682
DATA=2455893.58878|17.183|0.024|1.63
DATA=2455893.60905|17.157|0.022|1.462
DATA=2455893.62068|17.201|0.022|1.387
DATA=2455893.62574|17.212|0.022|1.359
DATA=2455893.6308|17.262|0.024|1.333
DATA=2455893.63586|17.278|0.024|1.309
DATA=2455893.64092|17.269|0.024|1.287
DATA=2455893.64598|17.296|0.023|1.267
DATA=2455893.65611|17.293|0.023|1.231
DATA=2455893.66118|17.275|0.023|1.216
DATA=2455893.6832|17.231|0.02|1.164
DATA=2455893.68827|17.199|0.019|1.155
DATA=2455893.69334|17.183|0.018|1.147
DATA=2455893.69841|17.182|0.018|1.141
DATA=2455893.70346|17.158|0.017|1.135
DATA=2455893.70852|17.137|0.017|1.131
DATA=2455893.71358|17.178|0.017|1.127
DATA=2455893.71865|17.2|0.018|1.125
DATA=2455893.7237|17.177|0.018|1.123
DATA=2455893.73683|17.203|0.018|1.124
DATA=2455893.74188|17.2|0.017|1.126
DATA=2455893.77228|17.204|0.018|1.159
DATA=2455893.77735|17.206|0.021|1.168
DATA=2455893.79523|17.194|0.018|1.211
DATA=2455893.80029|17.158|0.018|1.226
DATA=2455893.80536|17.151|0.019|1.242
DATA=2455893.81041|17.139|0.019|1.26
DATA=2455893.81548|17.148|0.019|1.28
DATA=2455893.82055|17.2|0.02|1.301
DATA=2455893.82562|17.247|0.021|1.325
DATA=2455893.83068|17.305|0.022|1.35
DATA=2455893.83575|17.289|0.022|1.377
DATA=2455893.84081|17.271|0.021|1.407
ENDDATA
