STARTMETADATA
REVISEDDATA=FALSE
OBJECTNUMBER=10484
OBJECTNAME=Hecht
MPCDESIG=1983 WM
SESSIONDATE=2013-04-01
SESSIONTIME=14:00:00
CONTACTNAME=J. Oey
CONTACTINFO=J. Oey, 94 Rawson Pde. NSW 2780
OBSERVERS=J. Oey
OBSLONGITUDE=+150.341667
OBSLATITUDE=-33.706667
OBJECTRA=12:00
OBJECTDEC=-09
PHASE=+5.04
PABL=+185.7
PABB=-7.1
FILTER=C
MAGBAND=R
CICORRECTION=FALSE
CIBAND=NONE
CITARGET=+0.000
DIFFERMAGS=FALSE
MAGADJUST=0.0
STANDARD=INTERNAL
LTCAPP=NONE
LTCDAYS=-0.007873
LTCTYPE=NONE
REDUCEDMAGS=NONE
UCORMAG=-2.5301
PUBLICATION=
BIBCODE=
COMMENT=Observer Instrumentation: 0.35m f/5.9 SCT/SBIG ST-8XME
DELIMITER=PIPE
COMPNAME1=115953.35 -094652.9
COMPRA1=11:59:53.36
COMPDEC1=-09:46:52.9
COMPMAG1=14.179
COMPCI1=0.719
COMPNAME2=115957.84 -094817.4
COMPRA2=11:59:57.83
COMPDEC2=-09:48:17.6
COMPMAG2=15.188
COMPCI2=0.636
COMPNAME3=115952.48 -094933.2
COMPRA3=11:59:52.48
COMPDEC3=-09:49:33.1
COMPMAG3=15.08
COMPCI3=0.542
COMPNAME4=120024.29 -094644.4
COMPRA4=12:00:24.32
COMPDEC4=-09:46:45.0
COMPMAG4=15.413
COMPCI4=0.531
ENDMETADATA
DATA=2456384.06518|16.87|0.04|
DATA=2456384.06901|16.908|0.044|
DATA=2456384.07284|16.807|0.037|
DATA=2456384.07667|16.762|0.03|
DATA=2456384.0805|16.734|0.026|
DATA=2456384.08433|16.807|0.023|
DATA=2456384.08816|16.799|0.02|
DATA=2456384.09199|16.802|0.02|
DATA=2456384.09635|16.785|0.02|
DATA=2456384.10018|16.755|0.02|
DATA=2456384.10402|16.768|0.02|
DATA=2456384.10786|16.764|0.02|
DATA=2456384.11174|16.716|0.019|
DATA=2456384.11557|16.787|0.02|
DATA=2456384.11941|16.761|0.02|
DATA=2456384.12324|16.733|0.02|
DATA=2456384.12708|16.74|0.02|
DATA=2456384.13093|16.793|0.021|
DATA=2456384.13476|16.822|0.021|
DATA=2456384.1386|16.888|0.023|
DATA=2456384.14243|16.886|0.023|
DATA=2456384.14626|16.88|0.023|
DATA=2456384.1501|16.853|0.023|
DATA=2456384.15399|16.86|0.023|
DATA=2456384.15782|16.793|0.022|
DATA=2456384.16166|16.796|0.022|
DATA=2456384.16549|16.813|0.023|
DATA=2456384.16933|16.822|0.023|
DATA=2456384.17317|16.809|0.023|
DATA=2456384.177|16.8|0.023|
DATA=2456384.18083|16.804|0.024|
DATA=2456384.18467|16.833|0.026|
DATA=2456384.1885|16.773|0.024|
DATA=2456384.19282|16.773|0.024|
DATA=2456384.19665|16.785|0.025|
DATA=2456384.20429|16.74|0.024|
DATA=2456384.20812|16.761|0.025|
DATA=2456384.21194|16.741|0.025|
DATA=2456384.21578|16.785|0.027|
DATA=2456384.2196|16.8|0.027|
DATA=2456384.22343|16.706|0.026|
DATA=2456384.22725|16.741|0.027|
DATA=2456384.23108|16.796|0.031|
DATA=2456384.2349|16.812|0.032|
DATA=2456384.23873|16.873|0.036|
DATA=2456384.24637|16.903|0.036|
DATA=2456384.25025|16.961|0.041|
DATA=2456384.25407|16.955|0.041|
DATA=2456384.25789|16.935|0.044|
DATA=2456384.26172|16.943|0.048|
DATA=2456384.27319|16.859|0.048|
ENDDATA
