STARTMETADATA
REVISEDDATA=FALSE
OBJECTNUMBER=54509
OBJECTNAME=YORP
MPCDESIG=2000 PH5
SESSIONDATE=2003-07-29
SESSIONTIME=06:39:53
CONTACTNAME=Carl W. Hergenrother
CONTACTINFO=C. W. Hergenrother, Lunar and Planetary Laboratory, University of Arizona, Tucson, AZ, USA [chergen@lpl.arizona.edu]
OBSERVERS=C. W. Hergenrother
OBSLONGITUDE=-110.734528
OBSLATITUDE=+32.416472
OBJECTRA=19:14
OBJECTDEC=+26
PHASE=+48.3
PABL=+336.4
PABB=+3.6
FILTER=R
MAGBAND=R
CICORRECTION=FALSE
CIBAND=NONE
CITARGET=+0.000
DIFFERMAGS=TRUE
MAGADJUST=0.0
STANDARD=NONE
LTCAPP=NONE
LTCDAYS=0.0
LTCTYPE=NONE
REDUCEDMAGS=NONE
UCORMAG=-1.9508
PUBLICATION=Icarus 214, 194-209.
BIBCODE=2011Icar..214..194H
COMMENT=Heliocentric ecliptic longitude/latitude: +60.02/-20.38
COMMENT=Earth/Sun distances (AU): +1.027/+0.018 for mid-time of obs
COMMENT=Observer Instrumentation: 1.54m f/9 UofArizona Kuiper telescope
DELIMITER=PIPE
ENDMETADATA
DATA=2452849.777697|+13.337|0.004|
DATA=2452849.779768|+13.854|0.006|
DATA=2452849.780162|+13.792|0.006|
DATA=2452849.780544|+13.662|0.005|
DATA=2452849.780926|+13.523|0.005|
DATA=2452849.781308|+13.376|0.004|
DATA=2452849.781690|+13.251|0.004|
DATA=2452849.782072|+13.127|0.004|
DATA=2452849.783611|+13.426|0.005|
DATA=2452849.784768|+13.581|0.005|
DATA=2452849.785150|+13.545|0.005|
DATA=2452849.785533|+13.466|0.005|
DATA=2452849.785914|+13.371|0.004|
DATA=2452849.786412|+13.325|0.004|
DATA=2452849.787176|+13.450|0.005|
DATA=2452849.787570|+13.604|0.005|
DATA=2452849.788333|+13.853|0.006|
DATA=2452849.788715|+13.752|0.005|
DATA=2452849.789479|+13.456|0.005|
DATA=2452849.789861|+13.314|0.004|
DATA=2452849.790255|+13.199|0.004|
DATA=2452849.790637|+13.088|0.004|
DATA=2452849.791018|+13.066|0.004|
DATA=2452849.791400|+13.119|0.004|
DATA=2452849.791783|+13.263|0.004|
DATA=2452849.792164|+13.459|0.004|
DATA=2452849.793322|+13.577|0.005|
DATA=2452849.793704|+13.520|0.005|
DATA=2452849.794086|+13.447|0.005|
DATA=2452849.794479|+13.344|0.004|
DATA=2452849.796007|+13.566|0.005|
DATA=2452849.796389|+13.784|0.005|
DATA=2452849.796783|+13.841|0.005|
DATA=2452849.797164|+13.740|0.005|
DATA=2452849.797546|+13.608|0.005|
DATA=2452849.797928|+13.447|0.004|
DATA=2452849.798380|+13.279|0.004|
DATA=2452849.798762|+13.174|0.004|
DATA=2452849.799143|+13.087|0.004|
DATA=2452849.799525|+13.071|0.004|
DATA=2452849.799919|+13.131|0.004|
DATA=2452849.800301|+13.282|0.004|
DATA=2452849.801065|+13.591|0.005|
DATA=2452849.801840|+13.562|0.005|
DATA=2452849.802222|+13.503|0.005|
DATA=2452849.802604|+13.426|0.005|
DATA=2452849.802986|+13.354|0.004|
DATA=2452849.803368|+13.323|0.004|
DATA=2452849.803750|+13.359|0.004|
DATA=2452849.804143|+13.456|0.004|
DATA=2452849.804525|+13.616|0.005|
DATA=2452849.804908|+13.829|0.006|
DATA=2452849.805289|+13.839|0.005|
DATA=2452849.806065|+13.589|0.005|
DATA=2452849.806447|+13.451|0.005|
DATA=2452849.806829|+13.319|0.004|
DATA=2452849.807211|+13.191|0.004|
DATA=2452849.807604|+13.099|0.004|
DATA=2452849.807986|+13.100|0.004|
DATA=2452849.808368|+13.157|0.004|
DATA=2452849.808750|+13.297|0.004|
DATA=2452849.809143|+13.528|0.005|
DATA=2452849.809525|+13.617|0.005|
DATA=2452849.809908|+13.610|0.005|
DATA=2452849.810289|+13.580|0.005|
DATA=2452849.811447|+13.362|0.005|
DATA=2452849.811829|+13.347|0.004|
DATA=2452849.812211|+13.375|0.005|
DATA=2452849.813368|+13.839|0.006|
DATA=2452849.813750|+13.873|0.006|
DATA=2452849.814271|+13.691|0.005|
DATA=2452849.814664|+13.559|0.005|
DATA=2452849.815046|+13.418|0.005|
DATA=2452849.816956|+13.218|0.004|
DATA=2452849.818113|+13.618|0.005|
DATA=2452849.818878|+13.587|0.005|
DATA=2452849.819653|+13.420|0.004|
DATA=2452849.820417|+13.371|0.005|
DATA=2452849.821192|+13.542|0.005|
DATA=2452849.822720|+13.703|0.005|
DATA=2452849.823113|+13.552|0.005|
DATA=2452849.823495|+13.411|0.004|
DATA=2452849.823878|+13.282|0.005|
DATA=2452849.824259|+13.163|0.004|
ENDDATA
