STARTMETADATA
REVISEDDATA=FALSE
OBJECTNUMBER=4148
OBJECTNAME=McCartney
MPCDESIG=1983 NT
SESSIONDATE=2009-02-07
SESSIONTIME=13:40:00
CONTACTNAME=J. Oey
CONTACTINFO=julianoey1@optusnet.com.au
OBSERVERS=Oey, J.
OBSLONGITUDE=+105.341667
OBSLATITUDE=-33.706667
OBJECTRA=10:48
OBJECTDEC=+06
PHASE=+10.44
PABL=+155.7
PABB=-0.6
FILTER=C
MAGBAND=R
CICORRECTION=FALSE
CIBAND=NONE
CITARGET=+0.000
DIFFERMAGS=TRUE
MAGADJUST=0.0
STANDARD=NONE
LTCAPP=NONE
LTCDAYS=-0.006362
LTCTYPE=NONE
REDUCEDMAGS=NONE
UCORMAG=-1.7701
PUBLICATION=
BIBCODE=
DELIMITER=PIPE
COMPNAME2=104815.91 +64112.0
COMPRA2=
COMPDEC2=
COMPMAG2=0.0
COMPCI2=0.0
COMPNAME3=104825.26 +64148.5
COMPRA3=
COMPDEC3=
COMPMAG3=0.0
COMPCI3=0.0
ENDMETADATA
DATA=2454870.06262|0.186|0.016|1.539
DATA=2454870.06618|0.132|0.015|1.517
DATA=2454870.06839|0.124|0.03|1.504
DATA=2454870.07122|0.163|0.015|1.488
DATA=2454870.07494|0.146|0.014|1.468
DATA=2454870.07866|0.145|0.014|1.45
DATA=2454870.09348|0.138|0.017|1.39
DATA=2454870.09719|0.165|0.018|1.378
DATA=2454870.10091|0.195|0.013|1.366
DATA=2454870.10463|0.166|0.012|1.356
DATA=2454870.10832|0.21|0.013|1.346
DATA=2454870.11204|0.199|0.013|1.338
DATA=2454870.11577|0.188|0.012|1.33
DATA=2454870.11947|0.251|0.016|1.324
DATA=2454870.1232|0.225|0.016|1.318
DATA=2454870.12691|0.231|0.019|1.313
DATA=2454870.13063|0.28|0.027|1.308
DATA=2454870.13436|0.288|0.028|1.305
DATA=2454870.16145|0.279|0.012|1.302
DATA=2454870.16514|0.272|0.011|1.305
DATA=2454870.16887|0.295|0.012|1.309
DATA=2454870.17258|0.289|0.011|1.313
DATA=2454870.17628|0.292|0.011|1.319
DATA=2454870.17999|0.329|0.012|1.325
DATA=2454870.18368|0.332|0.013|1.332
ENDDATA
