STARTMETADATA
REVISEDDATA=FALSE
OBJECTNUMBER=125738
OBJECTNAME=2001 XE116
MPCDESIG=2001 XE116
SESSIONDATE=2013-03-02
SESSIONTIME=07:00:00
CONTACTNAME=B. D. Warner
CONTACTINFO=B. D. Warner, 446 Sycamore Ave., Eaton, CO, USA
OBSERVERS=B. D. Warner
OBSLONGITUDE=-104.750556
OBSLATITUDE=+39.092778
OBJECTRA=10:41
OBJECTDEC=+11
PHASE=+2.14
PABL=+158.7
PABB=+2.0
FILTER=C
MAGBAND=V
CICORRECTION=TRUE
CIBAND=VR
CITARGET=+0.450
DIFFERMAGS=FALSE
MAGADJUST=0.0
STANDARD=INTERNAL
LTCAPP=NONE
LTCDAYS=-0.006815
LTCTYPE=NONE
REDUCEDMAGS=NONE
UCORMAG=-2.0428
PUBLICATION=
BIBCODE=
COMMENT=Unless otherwise stated, the long/lat are for the observer location
DELIMITER=PIPE
COMPNAME1=104158.24 +110333.1
COMPRA1=10:41:58.22
COMPDEC1=+11:03:32.9
COMPMAG1=14.403
COMPCI1=0.363
COMPNAME2=104211.23 +110727.2
COMPRA2=10:42:11.23
COMPDEC2=+11:07:27.1
COMPMAG2=13.805
COMPCI2=0.473
COMPNAME3=104221.46 +110003.8
COMPRA3=10:42:21.44
COMPDEC3=+11:00:03.7
COMPMAG3=14.871
COMPCI3=0.42
COMPNAME4=104226.33 +105946.7
COMPRA4=10:42:26.33
COMPDEC4=+10:59:46.4
COMPMAG4=14.422
COMPCI4=0.37
COMPNAME5=104213.89 +105909.8
COMPRA5=10:42:13.89
COMPDEC5=+10:59:09.9
COMPMAG5=15.08
COMPCI5=0.469
ENDMETADATA
DATA=2456353.59329|17.924|0.084|2.734
DATA=2456353.59632|17.953|0.078|2.635
DATA=2456353.59938|18.081|0.078|2.543
DATA=2456353.61456|18.111|0.068|2.176
DATA=2456353.61762|18.083|0.06|2.116
DATA=2456353.63204|18.024|0.068|1.879
DATA=2456353.63507|17.931|0.068|1.837
DATA=2456353.6381|18.03|0.091|1.797
DATA=2456353.64115|17.932|0.109|1.76
DATA=2456353.67566|17.965|0.109|1.448
DATA=2456353.67872|18.033|0.084|1.428
DATA=2456353.68176|18.04|0.084|1.409
DATA=2456353.68482|18.164|0.064|1.391
DATA=2456353.68787|18.081|0.057|1.374
DATA=2456353.69093|18.088|0.054|1.358
DATA=2456353.694|18.046|0.045|1.342
DATA=2456353.69703|18.044|0.047|1.328
DATA=2456353.70626|18.187|0.052|1.287
DATA=2456353.70931|18.077|0.057|1.275
DATA=2456353.71235|18.172|0.057|1.264
DATA=2456353.71539|18.118|0.057|1.253
DATA=2456353.71843|18.148|0.064|1.243
DATA=2456353.72146|18.107|0.052|1.233
DATA=2456353.72451|18.039|0.047|1.224
DATA=2456353.72752|18.105|0.064|1.215
DATA=2456353.73059|18.061|0.084|1.207
DATA=2456353.82371|17.945|0.068|1.154
DATA=2456353.82677|18.0|0.072|1.158
DATA=2456353.82982|18.035|0.057|1.163
DATA=2456353.83594|17.968|0.091|1.173
DATA=2456353.84206|17.92|0.091|1.185
DATA=2456353.87369|18.118|0.072|1.279
DATA=2456353.87673|18.066|0.068|1.291
DATA=2456353.87979|18.15|0.072|1.304
DATA=2456353.88938|18.028|0.064|1.349
DATA=2456353.89244|18.02|0.064|1.365
DATA=2456353.89549|17.94|0.06|1.381
DATA=2456353.89855|18.048|0.068|1.399
DATA=2456353.90161|17.974|0.068|1.417
DATA=2456353.90465|17.994|0.068|1.437
DATA=2456353.9077|17.914|0.06|1.457
DATA=2456353.91076|17.971|0.068|1.478
DATA=2456353.91382|18.023|0.072|1.501
DATA=2456353.91687|17.924|0.072|1.524
DATA=2456353.92563|17.968|0.068|1.599
DATA=2456353.92867|17.923|0.068|1.628
DATA=2456353.93172|17.968|0.072|1.658
DATA=2456353.93478|17.933|0.078|1.69
DATA=2456353.93782|17.986|0.084|1.724
DATA=2456353.94088|17.94|0.078|1.759
DATA=2456353.94394|17.995|0.084|1.797
DATA=2456353.947|17.995|0.084|1.837
ENDDATA
