STARTMETADATA
REVISEDDATA=FALSE
OBJECTNUMBER=5085
OBJECTNAME=Hippocrene
MPCDESIG=1977 NN
SESSIONDATE=2011-08-29
SESSIONTIME=14:00:00
CONTACTNAME=J. Oey
CONTACTINFO=J. Oey, 94 Rawson Pde. NSW 2780
OBSERVERS=J.Oey
OBSLONGITUDE=+150.341667
OBSLATITUDE=-33.706667
OBJECTRA=22:54
OBJECTDEC=-02
PHASE=+4.84
PABL=+341.7
PABB=+2.9
FILTER=C
MAGBAND=R
CICORRECTION=FALSE
CIBAND=NONE
CITARGET=+0.000
DIFFERMAGS=FALSE
MAGADJUST=0.0
STANDARD=INTERNAL
LTCAPP=NONE
LTCDAYS=-0.005088
LTCTYPE=NONE
REDUCEDMAGS=NONE
UCORMAG=-1.1030
PUBLICATION=
BIBCODE=
COMMENT=Observer Instrumentation: 0.35m f/7 SCT/SBIG ST-8XME
DELIMITER=PIPE
COMPNAME1=225450.80 -023921.4
COMPRA1=22:54:50.80
COMPDEC1=-02:39:21.4
COMPMAG1=13.343
COMPCI1=0.645
COMPNAME2=225444.73 -023953.2
COMPRA2=22:54:44.74
COMPDEC2=-02:39:53.2
COMPMAG2=14.693
COMPCI2=0.588
COMPNAME3=225428.56 -023629.5
COMPRA3=22:54:28.56
COMPDEC3=-02:36:29.2
COMPMAG3=13.585
COMPCI3=0.512
COMPNAME4=225425.06 -023735.9
COMPRA4=22:54:25.06
COMPDEC4=-02:37:35.6
COMPMAG4=12.643
COMPCI4=0.641
COMPNAME5=225440.81 -024209.2
COMPRA5=22:54:40.78
COMPDEC5=-02:42:09.1
COMPMAG5=14.038
COMPCI5=0.757
ENDMETADATA
DATA=2455802.95246|15.417|0.044|
DATA=2455802.95608|15.448|0.039|
DATA=2455802.9597|15.416|0.031|
DATA=2455802.97779|15.387|0.028|
DATA=2455802.98141|15.36|0.023|
DATA=2455802.98503|15.376|0.016|
DATA=2455802.98865|15.331|0.019|
DATA=2455802.99226|15.32|0.016|
DATA=2455802.9995|15.305|0.013|
DATA=2455803.00312|15.345|0.012|
DATA=2455803.00673|15.354|0.012|
DATA=2455803.01036|15.372|0.012|
DATA=2455803.01407|15.368|0.013|
DATA=2455803.01769|15.403|0.018|
DATA=2455803.02132|15.357|0.01|
DATA=2455803.02494|15.396|0.011|
DATA=2455803.03702|15.37|0.013|
DATA=2455803.04061|15.37|0.013|
DATA=2455803.04419|15.344|0.018|
ENDDATA
