STARTMETADATA
REVISEDDATA=FALSE
OBJECTNUMBER=5693
OBJECTNAME=1993 EA
MPCDESIG=1993 EA
SESSIONDATE=2009-05-13
SESSIONTIME=04:55:00
CONTACTNAME=B. A. Skiff
CONTACTINFO=B. A. Skiff, Lowell Observatory, 1400 West Mars Hill Road, Flagstaff, AZ 86001 USA
OBSERVERS=Skiff, B.A.
OBSLONGITUDE=-111.535833
OBSLATITUDE=+35.098500
OBJECTRA=13:01
OBJECTDEC=+05
PHASE=+27.36
PABL=+205.2
PABB=+8.1
FILTER=CLEAR
MAGBAND=SR
CICORRECTION=FALSE
CIBAND=NONE
CITARGET=+0.000
DIFFERMAGS=FALSE
MAGADJUST=0.0
STANDARD=INTERNAL
LTCAPP=NONE
LTCDAYS=-0.003208
LTCTYPE=NONE
REDUCEDMAGS=NONE
UCORMAG=+0.4369
PUBLICATION=
BIBCODE=
COMMENT=The long/lat are for the CONTACT's location, not necessarily the observer's
DELIMITER=PIPE
COMPNAME1=130203.21 +060613.2
COMPRA1=
COMPDEC1=
COMPMAG1=15.989
COMPCI1=0.438
COMPNAME2=130051.72 +060746.3
COMPRA2=
COMPDEC2=
COMPMAG2=15.457
COMPCI2=0.431
COMPNAME3=130021.48 +060653.6
COMPRA3=
COMPDEC3=
COMPMAG3=15.547
COMPCI3=0.494
COMPNAME4=130000.50 +060815.6
COMPRA4=
COMPDEC4=
COMPMAG4=14.959
COMPCI4=0.321
COMPNAME5=125952.87 +060748.2
COMPRA5=
COMPDEC5=
COMPMAG5=15.538
COMPCI5=0.351
ENDMETADATA
DATA=2454964.65725|17.594|0.024|
DATA=2454964.66701|17.622|0.023|
DATA=2454964.66944|17.634|0.024|
DATA=2454964.67189|17.549|0.022|
DATA=2454964.67433|17.666|0.026|
DATA=2454964.68406|17.618|0.023|
DATA=2454964.68649|17.647|0.024|
DATA=2454964.68894|17.567|0.022|
DATA=2454964.69138|17.556|0.023|
DATA=2454964.69382|17.591|0.023|
DATA=2454964.69625|17.575|0.022|
DATA=2454964.69867|17.608|0.022|
DATA=2454964.7011|17.576|0.022|
DATA=2454964.70354|17.63|0.023|
DATA=2454964.70597|17.553|0.021|
DATA=2454964.7084|17.514|0.02|
DATA=2454964.71085|17.561|0.021|
DATA=2454964.71328|17.593|0.022|
DATA=2454964.71571|17.636|0.023|
DATA=2454964.71815|17.632|0.023|
DATA=2454964.72058|17.674|0.024|
DATA=2454964.72301|17.565|0.022|
DATA=2454964.72545|17.572|0.022|
DATA=2454964.72787|17.601|0.023|
DATA=2454964.7303|17.644|0.024|
DATA=2454964.73274|17.543|0.022|
DATA=2454964.73519|17.572|0.023|
DATA=2454964.73762|17.604|0.023|
DATA=2454964.74005|17.578|0.023|
DATA=2454964.74248|17.668|0.025|
DATA=2454964.74491|17.66|0.026|
DATA=2454964.74734|17.666|0.027|
DATA=2454964.74977|17.557|0.026|
DATA=2454964.75221|17.508|0.026|
DATA=2454964.75465|17.578|0.028|
ENDDATA
