STARTMETADATA
REVISEDDATA=FALSE
OBJECTNUMBER=8325
OBJECTNAME=Trigo-Rodriguez
MPCDESIG=1981 EM26
SESSIONDATE=2012-11-07
SESSIONTIME=07:00:00
CONTACTNAME=B. D. Warner
CONTACTINFO=brian@MinorPlanetObserver.com
OBSERVERS=B. D. Warner
OBSLONGITUDE=-104.750556
OBSLATITUDE=+39.092778
OBJECTRA=02:20
OBJECTDEC=+20
PHASE=+2.46
PABL=+40.4
PABB=+4.9
FILTER=C
MAGBAND=V
CICORRECTION=TRUE
CIBAND=VR
CITARGET=+0.450
DIFFERMAGS=FALSE
MAGADJUST=0.0
STANDARD=INTERNAL
LTCAPP=NONE
LTCDAYS=-0.012848
LTCTYPE=NONE
REDUCEDMAGS=NONE
UCORMAG=-4.2701
PUBLICATION=
BIBCODE=
COMMENT=Unless otherwise stated, the long/lat are for the observer location
DELIMITER=PIPE
COMPNAME1=022102.06 +202104.4
COMPRA1=02:21:02.03
COMPDEC1=+20:21:04.0
COMPMAG1=15.672
COMPCI1=0.472
COMPNAME2=022105.90 +202140.8
COMPRA2=02:21:05.92
COMPDEC2=+20:21:40.7
COMPMAG2=14.967
COMPCI2=0.398
COMPNAME3=022117.80 +202255.5
COMPRA3=02:21:17.75
COMPDEC3=+20:22:55.3
COMPMAG3=13.994
COMPCI3=0.389
COMPNAME4=022140.82 +201800.4
COMPRA4=02:21:40.84
COMPDEC4=+20:18:00.4
COMPMAG4=14.286
COMPCI4=0.373
COMPNAME5=022126.99 +202209.7
COMPRA5=02:21:26.99
COMPDEC5=+20:22:09.7
COMPMAG5=15.4
COMPCI5=0.467
ENDMETADATA
DATA=2456238.55095|18.412|0.136|2.443
DATA=2456238.55399|18.43|0.109|2.366
DATA=2456238.55703|18.398|0.109|2.294
DATA=2456238.56005|18.375|0.099|2.227
DATA=2456238.56308|18.414|0.099|2.163
DATA=2456238.56612|18.422|0.099|2.104
DATA=2456238.56915|18.364|0.091|2.048
DATA=2456238.57219|18.483|0.099|1.996
DATA=2456238.57523|18.499|0.099|1.946
DATA=2456238.57825|18.386|0.091|1.9
DATA=2456238.58664|18.445|0.091|1.783
DATA=2456238.58968|18.461|0.091|1.745
DATA=2456238.59272|18.46|0.091|1.709
DATA=2456238.59577|18.493|0.091|1.675
DATA=2456238.59882|18.329|0.084|1.642
DATA=2456238.60187|18.408|0.084|1.611
DATA=2456238.6049|18.499|0.091|1.582
DATA=2456238.60793|18.489|0.091|1.554
DATA=2456238.61096|18.433|0.084|1.528
DATA=2456238.64001|18.396|0.078|1.328
DATA=2456238.64609|18.467|0.091|1.296
DATA=2456238.64914|18.442|0.078|1.281
DATA=2456238.66088|18.444|0.078|1.23
DATA=2456238.66998|18.451|0.072|1.196
DATA=2456238.673|18.5|0.084|1.186
DATA=2456238.67908|18.451|0.078|1.167
DATA=2456238.68517|18.514|0.078|1.149
DATA=2456238.69614|18.45|0.072|1.123
DATA=2456238.69918|18.531|0.084|1.116
DATA=2456238.70221|18.55|0.078|1.11
DATA=2456238.70525|18.523|0.078|1.104
DATA=2456238.70829|18.45|0.072|1.099
DATA=2456238.71133|18.387|0.068|1.094
DATA=2456238.71437|18.386|0.068|1.089
DATA=2456238.7174|18.377|0.072|1.085
DATA=2456238.72044|18.367|0.064|1.081
DATA=2456238.72815|18.394|0.073|1.072
DATA=2456238.73118|18.48|0.078|1.069
DATA=2456238.73423|18.456|0.078|1.067
DATA=2456238.73726|18.494|0.078|1.065
DATA=2456238.74334|18.47|0.078|1.061
DATA=2456238.74638|18.457|0.072|1.06
DATA=2456238.74941|18.476|0.078|1.059
DATA=2456238.75547|18.482|0.078|1.058
DATA=2456238.7663|18.455|0.084|1.059
DATA=2456238.76933|18.524|0.091|1.06
DATA=2456238.77236|18.504|0.084|1.061
DATA=2456238.77541|18.523|0.084|1.062
ENDDATA
