STARTMETADATA
REVISEDDATA=FALSE
OBJECTNUMBER=3210
OBJECTNAME=Lupishko
MPCDESIG=1983 WH1
SESSIONDATE=2012-02-15
SESSIONTIME=14:00:00
CONTACTNAME=J. Oey
CONTACTINFO=J. Oey, 23 Monaro Ave. Kingsgrove NSW 2208
OBSERVERS=J. Oey
OBSLONGITUDE=+150.336944
OBSLATITUDE=-33.701944
OBJECTRA=07:50
OBJECTDEC=+20
PHASE=+9.66
PABL=+120.6
PABB=-0.8
FILTER=C
MAGBAND=R
CICORRECTION=FALSE
CIBAND=NONE
CITARGET=+0.000
DIFFERMAGS=FALSE
MAGADJUST=0.0
STANDARD=INTERNAL
LTCAPP=NONE
LTCDAYS=-0.012013
LTCTYPE=NONE
REDUCEDMAGS=NONE
UCORMAG=-3.9596
PUBLICATION=
BIBCODE=
COMMENT=Observer Instrumentation: 0.25m f/11 SCT/SBIG ST-9XE
DELIMITER=PIPE
COMPNAME1=075023.45 +200247.0
COMPRA1=07:50:23.44
COMPDEC1=+20:02:47.0
COMPMAG1=13.923
COMPCI1=0.603
COMPNAME2=075022.87 +200149.2
COMPRA2=07:50:22.87
COMPDEC2=+20:01:49.3
COMPMAG2=14.263
COMPCI2=0.66
COMPNAME3=075018.18 +200158.0
COMPRA3=07:50:18.18
COMPDEC3=+20:01:58.1
COMPMAG3=13.467
COMPCI3=0.718
COMPNAME4=075032.39 +200227.8
COMPRA4=07:50:32.39
COMPDEC4=+20:02:27.8
COMPMAG4=13.418
COMPCI4=0.885
COMPNAME5=075034.30 +200252.9
COMPRA5=07:50:34.30
COMPDEC5=+20:02:53.0
COMPMAG5=14.51
COMPCI5=0.552
ENDMETADATA
DATA=2455972.92988|15.024|0.022|
DATA=2455972.93355|14.993|0.022|
DATA=2455972.93723|14.966|0.021|
DATA=2455972.9409|14.975|0.02|
DATA=2455972.94458|14.967|0.022|
DATA=2455972.94836|14.936|0.02|
DATA=2455972.95578|14.937|0.026|
DATA=2455972.95952|14.877|0.063|
ENDDATA
