STARTMETADATA
REVISEDDATA=FALSE
OBJECTNUMBER=88141
OBJECTNAME=2000 WE174
MPCDESIG=2000 WE174
SESSIONDATE=2013-03-11
SESSIONTIME=07:00:00
CONTACTNAME=B. D. Warner
CONTACTINFO=B. D. Warner, 446 Sycamore Ave., Eaton, CO, USA
OBSERVERS=B. D. Warner
OBSLONGITUDE=-104.750556
OBSLATITUDE=+39.092778
OBJECTRA=11:55
OBJECTDEC=+34
PHASE=+9.83
PABL=+165.1
PABB=+25.8
FILTER=C
MAGBAND=V
CICORRECTION=TRUE
CIBAND=VR
CITARGET=+0.450
DIFFERMAGS=FALSE
MAGADJUST=0.0
STANDARD=INTERNAL
LTCAPP=NONE
LTCDAYS=-0.012262
LTCTYPE=NONE
REDUCEDMAGS=NONE
UCORMAG=-4.0347
PUBLICATION=
BIBCODE=
COMMENT=Unless otherwise stated, the long/lat are for the observer location
DELIMITER=PIPE
COMPNAME1=115523.44 +340207.7
COMPRA1=11:55:23.47
COMPDEC1=+34:02:07.5
COMPMAG1=15.104
COMPCI1=0.366
COMPNAME2=115457.55 +340328.9
COMPRA2=11:54:57.53
COMPDEC2=+34:03:28.9
COMPMAG2=15.141
COMPCI2=0.453
COMPNAME3=115501.15 +340311.9
COMPRA3=11:55:01.16
COMPDEC3=+34:03:11.7
COMPMAG3=14.423
COMPCI3=0.449
COMPNAME4=115510.69 +340416.0
COMPRA4=11:55:10.68
COMPDEC4=+34:04:15.8
COMPMAG4=15.941
COMPCI4=0.377
COMPNAME5=115603.64 +340723.4
COMPRA5=11:56:03.65
COMPDEC5=+34:07:23.2
COMPMAG5=15.656
COMPCI5=0.467
ENDMETADATA
DATA=2456362.5853|18.551|0.136|2.364
DATA=2456362.5883|18.611|0.121|2.299
DATA=2456362.5913|18.639|0.121|2.237
DATA=2456362.59729|18.615|0.109|2.124
DATA=2456362.60029|18.585|0.099|2.072
DATA=2456362.60329|18.705|0.109|2.022
DATA=2456362.60629|18.657|0.109|1.975
DATA=2456362.60929|18.733|0.109|1.93
DATA=2456362.61229|18.746|0.109|1.888
DATA=2456362.62098|18.804|0.109|1.775
DATA=2456362.62398|18.796|0.109|1.74
DATA=2456362.62699|18.704|0.099|1.706
DATA=2456362.63|18.615|0.091|1.674
DATA=2456362.63299|18.675|0.091|1.643
DATA=2456362.63899|18.623|0.084|1.586
DATA=2456362.642|18.659|0.091|1.559
DATA=2456362.64799|18.729|0.091|1.508
DATA=2456362.65574|18.76|0.091|1.449
DATA=2456362.65874|18.746|0.091|1.428
DATA=2456362.66173|18.738|0.091|1.407
DATA=2456362.66775|18.747|0.091|1.369
DATA=2456362.67075|18.733|0.091|1.351
DATA=2456362.69189|18.807|0.091|1.242
DATA=2456362.69488|18.742|0.084|1.229
DATA=2456362.77668|18.802|0.078|1.025
DATA=2456362.77968|18.832|0.084|1.022
DATA=2456362.78568|18.877|0.084|1.017
DATA=2456362.79758|18.767|0.073|1.009
DATA=2456362.80057|18.688|0.068|1.007
DATA=2456362.80357|18.795|0.078|1.006
DATA=2456362.80658|18.756|0.073|1.005
DATA=2456362.81258|18.704|0.073|1.004
DATA=2456362.81557|18.788|0.078|1.004
DATA=2456362.82157|18.768|0.078|1.004
DATA=2456362.82457|18.742|0.078|1.004
DATA=2456362.83549|18.636|0.068|1.008
DATA=2456362.83849|18.53|0.06|1.009
DATA=2456362.8415|18.579|0.064|1.011
DATA=2456362.84451|18.646|0.073|1.013
DATA=2456362.84749|18.552|0.078|1.015
DATA=2456362.85048|18.558|0.064|1.017
DATA=2456362.85648|18.771|0.078|1.023
DATA=2456362.85948|18.781|0.078|1.026
DATA=2456362.86798|18.912|0.091|1.037
DATA=2456362.87099|18.876|0.084|1.041
DATA=2456362.87398|18.815|0.084|1.045
DATA=2456362.87698|18.808|0.084|1.05
DATA=2456362.88298|18.566|0.155|1.061
DATA=2456362.88898|18.72|0.078|1.072
DATA=2456362.89498|18.694|0.099|1.085
DATA=2456362.90631|18.802|0.091|1.112
DATA=2456362.90932|18.896|0.099|1.121
DATA=2456362.91232|18.813|0.091|1.129
DATA=2456362.91532|18.791|0.084|1.138
DATA=2456362.92133|18.771|0.091|1.157
DATA=2456362.92433|18.768|0.091|1.167
ENDDATA
