STARTMETADATA
REVISEDDATA=FALSE
OBJECTNUMBER=6708
OBJECTNAME=Bobbievaile
MPCDESIG=1989 AA5
SESSIONDATE=2012-02-02
SESSIONTIME=10:44:00
CONTACTNAME=J.W. Brinsfield
CONTACTINFO=jbrinsfi@gmail.com
OBSERVERS=J.W. Brinsfield 5180 Via Capote
OBSLONGITUDE=-118.984444
OBSLATITUDE=+34.169722
OBJECTRA=08:57
OBJECTDEC=+22
PHASE=+1.85
PABL=+130.9
PABB=+4.1
FILTER=C
MAGBAND=R
CICORRECTION=FALSE
CIBAND=NONE
CITARGET=+0.000
DIFFERMAGS=FALSE
MAGADJUST=0.0
STANDARD=INTERNAL
LTCAPP=NONE
LTCDAYS=-0.011006
LTCTYPE=NONE
REDUCEDMAGS=NONE
UCORMAG=-3.7053
PUBLICATION=
BIBCODE=
COMMENT=Observer Instrumentation: 0.40m SCT/Alta U6 1 X binning
DELIMITER=PIPE
COMPNAME1=085803.95 +222236.6
COMPRA1=08:58:03.93
COMPDEC1=+22:22:36.5
COMPMAG1=16.245
COMPCI1=0.785
COMPNAME2=085806.76 +222442.9
COMPRA2=08:58:06.75
COMPDEC2=+22:24:43.0
COMPMAG2=15.974
COMPCI2=0.778
COMPNAME3=085814.65 +221927.1
COMPRA3=08:58:14.64
COMPDEC3=+22:19:27.0
COMPMAG3=15.031
COMPCI3=0.87
ENDMETADATA
DATA=2455959.89064|17.155|0.044|1.07
DATA=2455959.8942|17.202|0.042|1.077
DATA=2455959.89777|17.188|0.038|1.084
DATA=2455959.90132|17.193|0.037|1.092
DATA=2455959.90543|17.156|0.039|1.102
DATA=2455959.90899|17.155|0.044|1.111
DATA=2455959.91255|17.207|0.049|1.12
DATA=2455959.91611|17.165|0.048|1.13
DATA=2455959.91968|17.148|0.044|1.141
DATA=2455959.92323|17.191|0.046|1.153
DATA=2455959.92829|17.151|0.044|1.17
DATA=2455959.93185|17.19|0.044|1.183
DATA=2455959.93541|17.109|0.041|1.197
DATA=2455959.93897|17.236|0.041|1.212
DATA=2455959.94253|17.301|0.038|1.227
DATA=2455959.94609|17.193|0.034|1.244
DATA=2455959.95033|17.208|0.049|1.265
DATA=2455959.95392|17.212|0.034|1.283
DATA=2455959.95748|17.212|0.036|1.303
DATA=2455959.96104|17.207|0.033|1.324
DATA=2455959.9646|17.148|0.038|1.345
DATA=2455959.96817|17.174|0.041|1.368
DATA=2455959.97231|17.274|0.039|1.397
DATA=2455959.97587|17.198|0.037|1.423
DATA=2455959.97943|17.18|0.044|1.45
DATA=2455959.983|17.187|0.046|1.479
DATA=2455959.98655|17.182|0.052|1.51
DATA=2455959.99011|17.21|0.054|1.543
DATA=2455959.99516|17.236|0.063|1.592
DATA=2455959.99873|17.242|0.076|1.63
ENDDATA
