STARTMETADATA
REVISEDDATA=FALSE
OBJECTNUMBER=16403
OBJECTNAME=1984 WJ1
MPCDESIG=1984 WJ1
SESSIONDATE=2005-09-27
SESSIONTIME=00:00:00
CONTACTNAME=R. A. Koff
CONTACTINFO=bob@antelopehillsobservatory.org
OBSERVERS=Koff, R.A.
OBSLONGITUDE=-104.411111
OBSLATITUDE=+39.696667
OBJECTRA=02:19
OBJECTDEC=+07
PHASE=+16.55
PABL=+26.9
PABB=-4.5
FILTER=C
MAGBAND=R
CICORRECTION=FALSE
CIBAND=NONE
CITARGET=+0.000
DIFFERMAGS=TRUE
MAGADJUST=0.0
STANDARD=NONE
LTCAPP=NONE
LTCDAYS=-0.005287
LTCTYPE=NONE
REDUCEDMAGS=NONE
UCORMAG=-1.1401
PUBLICATION=
BIBCODE=
DELIMITER=PIPE
COMPNAME1=X:686.36/Y:752.09
COMPRA1=
COMPDEC1=
COMPMAG1=0.0
COMPCI1=0.0
COMPNAME2=X:131.51/Y:571.27
COMPRA2=
COMPDEC2=
COMPMAG2=0.0
COMPCI2=0.0
COMPNAME3=X:125.47/Y:475.06
COMPRA3=
COMPDEC3=
COMPMAG3=0.0
COMPCI3=0.0
COMPNAME4=X:226.50/Y:714.40
COMPRA4=
COMPDEC4=
COMPMAG4=0.0
COMPCI4=0.0
ENDMETADATA
DATA=2453640.89098|2.457|0.01|1.189
DATA=2453640.89484|2.494|0.01|1.192
DATA=2453640.89677|2.501|0.01|1.195
DATA=2453640.8987|2.487|0.01|1.197
DATA=2453640.90062|2.506|0.01|1.199
DATA=2453640.90255|2.503|0.01|1.202
DATA=2453640.90448|2.479|0.011|1.205
DATA=2453640.9064|2.449|0.01|1.208
DATA=2453640.90832|2.44|0.011|1.211
DATA=2453640.91025|2.478|0.011|1.214
DATA=2453640.91218|2.445|0.01|1.218
DATA=2453640.9141|2.43|0.011|1.222
DATA=2453640.91603|2.456|0.015|1.225
DATA=2453640.91796|2.403|0.01|1.23
DATA=2453640.91989|2.433|0.011|1.234
DATA=2453640.92182|2.426|0.01|1.238
DATA=2453640.92374|2.425|0.01|1.243
DATA=2453640.92567|2.407|0.01|1.248
DATA=2453640.92759|2.421|0.01|1.253
DATA=2453640.92951|2.422|0.01|1.258
DATA=2453640.93144|2.423|0.01|1.264
DATA=2453640.93336|2.414|0.01|1.269
DATA=2453640.93529|2.404|0.01|1.275
DATA=2453640.93721|2.394|0.01|1.282
DATA=2453640.93914|2.376|0.01|1.288
DATA=2453640.94107|2.394|0.01|1.295
DATA=2453640.94299|2.366|0.01|1.302
DATA=2453640.94492|2.387|0.01|1.309
DATA=2453640.94685|2.359|0.01|1.316
DATA=2453640.94876|2.398|0.01|1.324
DATA=2453640.95068|2.383|0.01|1.332
DATA=2453640.95261|2.352|0.01|1.34
DATA=2453640.95454|2.39|0.01|1.348
DATA=2453640.95647|2.378|0.011|1.357
DATA=2453640.95839|2.371|0.01|1.366
DATA=2453640.96032|2.392|0.011|1.375
DATA=2453640.96225|2.362|0.011|1.385
DATA=2453640.96418|2.394|0.011|1.395
DATA=2453640.96804|2.378|0.011|1.416
DATA=2453640.96995|2.417|0.012|1.427
DATA=2453640.97187|2.43|0.011|1.438
DATA=2453640.9738|2.405|0.012|1.45
DATA=2453640.97573|2.423|0.012|1.462
DATA=2453640.97765|2.427|0.012|1.475
DATA=2453640.97958|2.46|0.013|1.488
DATA=2453640.98151|2.401|0.013|1.501
DATA=2453640.98344|2.453|0.014|1.515
DATA=2453640.98537|2.42|0.014|1.529
DATA=2453640.98729|2.436|0.015|1.544
DATA=2453640.99114|2.432|0.019|1.575
ENDDATA
