STARTMETADATA
REVISEDDATA=FALSE
OBJECTNUMBER=57784
OBJECTNAME=2001 VW85
MPCDESIG=2001 VW85
SESSIONDATE=2011-04-08
SESSIONTIME=07:00:00
CONTACTNAME=B. D. Warner
CONTACTINFO=brian@MinorPlanetObserver.com
OBSERVERS=Warner, B.D.
OBSLONGITUDE=-104.750556
OBSLATITUDE=+39.092778
OBJECTRA=09:32
OBJECTDEC=+05
PHASE=+22.28
PABL=+154.9
PABB=-7.4
FILTER=C
MAGBAND=R
CICORRECTION=TRUE
CIBAND=VR
CITARGET=+0.450
DIFFERMAGS=FALSE
MAGADJUST=0.0
STANDARD=INTERNAL
LTCAPP=NONE
LTCDAYS=-0.008165
LTCTYPE=NONE
REDUCEDMAGS=NONE
UCORMAG=-2.4199
PUBLICATION=
BIBCODE=
COMMENT=Observer Instrumentation: 0.35m f/9.1 SCT/FLI 1001E
DELIMITER=PIPE
COMPNAME1=093238.59 +051538.9
COMPRA1=09:32:38.60
COMPDEC1=+05:15:38.9
COMPMAG1=13.991
COMPCI1=0.372
COMPNAME2=093250.59 +051601.3
COMPRA2=09:32:50.58
COMPDEC2=+05:16:01.3
COMPMAG2=14.655
COMPCI2=0.309
COMPNAME3=093248.67 +052023.9
COMPRA3=09:32:48.67
COMPDEC3=+05:20:23.8
COMPMAG3=14.928
COMPCI3=0.327
COMPNAME4=093259.70 +052109.8
COMPRA4=09:32:59.70
COMPDEC4=+05:21:09.9
COMPMAG4=14.461
COMPCI4=0.449
COMPNAME5=093221.78 +051904.9
COMPRA5=09:32:21.79
COMPDEC5=+05:19:04.9
COMPMAG5=14.937
COMPCI5=0.338
ENDMETADATA
DATA=2455659.61027|17.954|0.084|1.232
DATA=2455659.62496|18.03|0.084|1.214
DATA=2455659.62791|18.07|0.084|1.212
DATA=2455659.64656|18.159|0.099|1.207
DATA=2455659.64949|18.121|0.099|1.207
DATA=2455659.65538|18.222|0.181|1.21
DATA=2455659.65831|18.306|0.121|1.211
DATA=2455659.66125|18.187|0.109|1.214
DATA=2455659.67091|18.345|0.121|1.223
DATA=2455659.67384|18.33|0.121|1.227
DATA=2455659.67678|18.255|0.109|1.231
DATA=2455659.68267|18.403|0.136|1.241
DATA=2455659.68854|18.348|0.136|1.253
DATA=2455659.69148|18.378|0.155|1.259
DATA=2455659.69442|18.49|0.181|1.266
DATA=2455659.70431|18.465|0.217|1.294
DATA=2455659.70725|18.435|0.217|1.303
DATA=2455659.71019|18.478|0.217|1.312
DATA=2455659.71314|18.466|0.181|1.323
DATA=2455659.71902|18.255|0.136|1.345
DATA=2455659.72195|18.334|0.136|1.357
DATA=2455659.72489|18.256|0.121|1.37
DATA=2455659.72782|18.264|0.121|1.384
DATA=2455659.73537|18.265|0.121|1.422
DATA=2455659.73832|18.205|0.121|1.438
DATA=2455659.74126|18.212|0.121|1.455
DATA=2455659.74419|18.229|0.109|1.473
DATA=2455659.74714|18.164|0.109|1.492
DATA=2455659.75007|18.099|0.099|1.511
DATA=2455659.75301|18.234|0.109|1.532
DATA=2455659.75595|18.252|0.109|1.554
DATA=2455659.75889|18.176|0.099|1.577
DATA=2455659.77237|18.296|0.121|1.699
DATA=2455659.78119|18.319|0.121|1.796
DATA=2455659.78413|18.298|0.121|1.832
DATA=2455659.78706|18.349|0.121|1.87
DATA=2455659.79|18.418|0.136|1.911
DATA=2455659.79294|18.407|0.136|1.953
ENDDATA
