STARTMETADATA
REVISEDDATA=FALSE
OBJECTNUMBER=15779
OBJECTNAME=Scottroberts
MPCDESIG=1993 OA3
SESSIONDATE=2007-06-17
SESSIONTIME=09:13:00
CONTACTNAME=R. D. Stephens
CONTACTINFO=R. D. Stephens, 11355 Mount Johnson Court, Rancho Cucamonga, CA 91737
OBSERVERS=Stephens, R.D.
OBSLONGITUDE=0
OBSLATITUDE=0
OBJECTRA=20:18
OBJECTDEC=-18
PHASE=+18.31
PABL=+293.5
PABB=+0.7
FILTER=C
MAGBAND=R
CICORRECTION=FALSE
CIBAND=NONE
CITARGET=+0.000
DIFFERMAGS=FALSE
MAGADJUST=0.0
STANDARD=INTERNAL
LTCAPP=NONE
LTCDAYS=-0.005949
LTCTYPE=NONE
REDUCEDMAGS=NONE
UCORMAG=-1.5059
PUBLICATION=
BIBCODE=
COMMENT=Heliocentric ecliptic longitude/latitude: +302.61/+0.96
COMMENT=Earth/Sun distances (AU): +1.9414/+1.0306
COMMENT=Observer Instrumentation: ALCDEF Import/ALCDEF Import
COMMENT=The observer's longitude/latitude were not available
DELIMITER=PIPE
COMPNAME1=20 18.63 / -18 39.6
COMPRA1=
COMPDEC1=
COMPMAG1=+0.000
COMPCI1=+0.000
ENDMETADATA
DATA=2454268.831620|+1.135|+0.028|2.170
DATA=2454268.833440|+1.090|+0.026|2.145
DATA=2454268.835280|+1.058|+0.026|2.122
DATA=2454268.837100|+1.084|+0.027|2.099
DATA=2454268.838920|+1.062|+0.026|2.077
DATA=2454268.840760|+1.003|+0.024|2.056
DATA=2454268.842580|+1.010|+0.024|2.036
DATA=2454268.844400|+1.018|+0.025|2.016
DATA=2454268.846240|+1.045|+0.025|1.997
DATA=2454268.848060|+1.108|+0.026|1.979
DATA=2454268.849880|+1.095|+0.025|1.961
DATA=2454268.851720|+1.095|+0.025|1.945
DATA=2454268.853540|+1.087|+0.025|1.928
DATA=2454268.857200|+1.153|+0.026|1.898
DATA=2454268.859020|+1.154|+0.026|1.883
DATA=2454268.860840|+1.118|+0.025|1.869
DATA=2454268.862680|+1.087|+0.025|1.856
DATA=2454268.866320|+1.081|+0.024|1.830
DATA=2454268.868160|+1.098|+0.024|1.819
DATA=2454268.869980|+1.042|+0.024|1.807
DATA=2454268.871800|+1.063|+0.024|1.796
DATA=2454268.873640|+1.071|+0.024|1.785
DATA=2454268.875460|+1.044|+0.023|1.775
DATA=2454268.877280|+1.042|+0.023|1.766
DATA=2454268.879120|+1.132|+0.024|1.756
DATA=2454268.880940|+1.078|+0.024|1.747
DATA=2454268.882760|+1.071|+0.024|1.739
DATA=2454268.884600|+1.144|+0.025|1.731
DATA=2454268.886420|+1.059|+0.024|1.723
DATA=2454268.888240|+1.126|+0.025|1.715
DATA=2454268.890080|+1.083|+0.024|1.708
DATA=2454268.893730|+1.117|+0.024|1.695
DATA=2454268.895560|+1.097|+0.024|1.689
DATA=2454268.897380|+1.059|+0.023|1.683
DATA=2454268.899210|+1.135|+0.025|1.678
DATA=2454268.902860|+1.105|+0.024|1.668
DATA=2454268.904690|+1.150|+0.025|1.664
DATA=2454268.906520|+1.146|+0.025|1.660
DATA=2454268.910160|+1.058|+0.024|1.652
DATA=2454268.912000|+1.136|+0.026|1.649
DATA=2454268.913820|+1.071|+0.024|1.646
DATA=2454268.917480|+1.008|+0.023|1.641
DATA=2454268.919300|+1.015|+0.023|1.639
DATA=2454268.922960|+1.046|+0.024|1.635
DATA=2454268.926600|+1.016|+0.023|1.633
DATA=2454268.928430|+1.032|+0.023|1.632
DATA=2454268.930260|+1.024|+0.023|1.632
DATA=2454268.932080|+1.109|+0.025|1.632
DATA=2454268.933910|+1.118|+0.025|1.632
DATA=2454268.937560|+1.058|+0.025|1.633
ENDDATA
