STARTMETADATA
REVISEDDATA=FALSE
OBJECTNUMBER=25362
OBJECTNAME=1999 TH24
MPCDESIG=1999 TH24
SESSIONDATE=2011-04-06
SESSIONTIME=08:00:00
CONTACTNAME=B. A. Skiff
CONTACTINFO=B. A. Skiff, Lowell Observatory, 1400 West Mars Hill Road, Flagstaff, AZ 86001 USA
OBSERVERS=Skiff, B.A.
OBSLONGITUDE=-111.535833
OBSLATITUDE=+35.098500
OBJECTRA=13:36
OBJECTDEC=+00
PHASE=+5.51
PABL=+200.8
PABB=+6.8
FILTER=R
MAGBAND=SR
CICORRECTION=FALSE
CIBAND=NONE
CITARGET=+0.000
DIFFERMAGS=FALSE
MAGADJUST=0.0
STANDARD=INTERNAL
LTCAPP=NONE
LTCDAYS=-0.005834
LTCTYPE=NONE
REDUCEDMAGS=NONE
UCORMAG=-1.5307
PUBLICATION=
BIBCODE=
COMMENT=The long/lat are for the CONTACT's location, not necessarily the observer's
DELIMITER=PIPE
COMPNAME1=133616.79 -001514.2
COMPRA1=
COMPDEC1=
COMPMAG1=15.943
COMPCI1=0.493
COMPNAME2=133616.95 -001931.0
COMPRA2=
COMPDEC2=
COMPMAG2=15.413
COMPCI2=0.583
COMPNAME3=133626.17 -001832.8
COMPRA3=
COMPDEC3=
COMPMAG3=15.409
COMPCI3=0.353
COMPNAME4=133628.72 -001808.5
COMPRA4=
COMPDEC4=
COMPMAG4=15.259
COMPCI4=0.489
COMPNAME5=133606.20 -002031.2
COMPRA5=
COMPDEC5=
COMPMAG5=15.801
COMPCI5=0.414
ENDMETADATA
DATA=2455657.67157|16.938|0.163|
DATA=2455657.67474|17.058|0.187|
DATA=2455657.70606|16.896|0.228|
DATA=2455657.70922|16.955|0.189|
DATA=2455657.71236|16.987|0.162|
DATA=2455657.71797|16.879|0.077|
DATA=2455657.72112|16.85|0.064|
DATA=2455657.72424|16.828|0.058|
DATA=2455657.72909|16.966|0.05|
DATA=2455657.7339|16.855|0.048|
DATA=2455657.73874|16.899|0.057|
DATA=2455657.74358|16.815|0.04|
DATA=2455657.74842|16.794|0.042|
DATA=2455657.75326|16.733|0.038|
DATA=2455657.75809|16.762|0.042|
DATA=2455657.76294|16.848|0.048|
DATA=2455657.76776|16.819|0.053|
DATA=2455657.7739|16.723|0.036|
DATA=2455657.77876|16.832|0.045|
DATA=2455657.78356|16.838|0.041|
DATA=2455657.7884|16.832|0.048|
DATA=2455657.79322|16.802|0.04|
DATA=2455657.79804|16.836|0.061|
DATA=2455657.80289|16.83|0.037|
DATA=2455657.80773|16.864|0.055|
DATA=2455657.81254|16.852|0.036|
DATA=2455657.81735|16.777|0.035|
DATA=2455657.82219|16.752|0.034|
DATA=2455657.82825|16.814|0.036|
DATA=2455657.83306|16.785|0.035|
DATA=2455657.83789|16.735|0.034|
DATA=2455657.84274|16.762|0.035|
DATA=2455657.84755|16.756|0.035|
DATA=2455657.85238|16.734|0.034|
DATA=2455657.8572|16.743|0.034|
DATA=2455657.86202|16.73|0.034|
DATA=2455657.86685|16.716|0.034|
DATA=2455657.8717|16.745|0.035|
DATA=2455657.87655|16.81|0.04|
DATA=2455657.88288|16.906|0.043|
DATA=2455657.88772|16.915|0.043|
DATA=2455657.89256|16.94|0.043|
DATA=2455657.89736|16.796|0.037|
DATA=2455657.90221|16.764|0.036|
DATA=2455657.90706|16.813|0.04|
DATA=2455657.91187|16.743|0.037|
DATA=2455657.9167|16.717|0.035|
DATA=2455657.92153|16.764|0.038|
DATA=2455657.92639|16.782|0.038|
DATA=2455657.93121|16.768|0.038|
DATA=2455657.93769|16.808|0.055|
DATA=2455657.94253|16.761|0.038|
DATA=2455657.94732|16.799|0.042|
DATA=2455657.95217|16.784|0.04|
DATA=2455657.957|16.884|0.043|
DATA=2455657.96181|16.879|0.043|
DATA=2455657.96664|16.905|0.044|
DATA=2455657.97147|16.934|0.046|
DATA=2455657.97632|16.86|0.044|
DATA=2455657.98116|16.847|0.048|
DATA=2455657.98602|16.75|0.042|
DATA=2455657.99859|16.758|0.058|
DATA=2455658.00171|16.88|0.082|
DATA=2455658.00482|16.798|0.068|
ENDDATA
