STARTMETADATA
REVISEDDATA=FALSE
OBJECTNUMBER=15724
OBJECTNAME=Zille
MPCDESIG=1990 TW3
SESSIONDATE=2010-05-19
SESSIONTIME=13:00:00
CONTACTNAME=D. Higgins
CONTACTINFO=higginsdj@bigpond.com
OBSERVERS=Higgins, D.
OBSLONGITUDE=+129.100000
OBSLATITUDE=-35.150000
OBJECTRA=14:01
OBJECTDEC=-10
PHASE=+10.25
PABL=+217.0
PABB=+1.3
FILTER=C
MAGBAND=R
CICORRECTION=FALSE
CIBAND=NONE
CITARGET=+0.000
DIFFERMAGS=TRUE
MAGADJUST=0.0
STANDARD=NONE
LTCAPP=NONE
LTCDAYS=-0.009159
LTCTYPE=NONE
REDUCEDMAGS=NONE
UCORMAG=-3.0207
PUBLICATION=
BIBCODE=
DELIMITER=PIPE
COMPNAME1=X:625.2 / Y:528.9
COMPRA1=
COMPDEC1=
COMPMAG1=0.0
COMPCI1=0.0
COMPNAME2=X:650.1 / Y:510.1
COMPRA2=
COMPDEC2=
COMPMAG2=0.0
COMPCI2=0.0
COMPNAME3=X:711.0 / Y:524.4
COMPRA3=
COMPDEC3=
COMPMAG3=0.0
COMPCI3=0.0
COMPNAME4=X:700.5 / Y:598.0
COMPRA4=
COMPDEC4=
COMPMAG4=0.0
COMPCI4=0.0
COMPNAME5=X:571.6 / Y:560.0
COMPRA5=
COMPDEC5=
COMPMAG5=0.0
COMPCI5=0.0
ENDMETADATA
DATA=2455335.84704|2.756|0.138|2.481
DATA=2455335.86177|2.869|0.137|2.86
DATA=2455335.86424|2.835|0.138|2.939
DATA=2455335.87651|3.036|0.183|3.421
DATA=2455335.87898|2.993|0.183|3.541
DATA=2455335.88146|2.894|0.157|3.672
DATA=2455335.89626|2.951|0.122|4.746
DATA=2455335.89874|3.043|0.137|4.996
DATA=2455335.91083|3.042|0.122|6.746
DATA=2455335.91332|2.971|0.11|7.269
DATA=2455335.91581|2.919|0.1|7.876
DATA=2455335.92801|2.875|0.1|12.528
DATA=2455335.93049|2.972|0.11|13.354
DATA=2455335.93298|3.083|0.122|12.132
DATA=2455335.94516|2.924|0.092|24.438
DATA=2455335.94764|2.937|0.1|0.0
DATA=2455335.96225|2.799|0.079|0.0
DATA=2455335.96472|2.935|0.092|0.0
DATA=2455335.9672|3.006|0.1|0.0
DATA=2455335.99689|3.141|0.109|0.0
DATA=2455335.99936|3.085|0.1|0.0
DATA=2455336.00184|3.124|0.11|0.0
DATA=2455336.01413|3.217|0.121|0.0
DATA=2455336.01661|3.075|0.1|0.0
DATA=2455336.01909|3.077|0.1|0.0
DATA=2455336.03166|3.037|0.11|0.0
DATA=2455336.03413|2.98|0.11|0.0
DATA=2455336.03662|3.063|0.1|0.0
DATA=2455336.04895|2.998|0.11|0.0
DATA=2455336.05144|3.064|0.11|0.0
DATA=2455336.05392|2.908|0.092|0.0
DATA=2455336.06603|3.028|0.1|0.0
DATA=2455336.06854|3.034|0.1|0.0
DATA=2455336.07102|2.859|0.085|0.0
DATA=2455336.08299|2.977|0.1|0.0
DATA=2455336.08796|2.81|0.079|0.0
DATA=2455336.10007|2.991|0.1|0.0
DATA=2455336.10254|3.033|0.109|0.0
DATA=2455336.10502|2.974|0.1|0.0
DATA=2455336.1173|3.022|0.122|0.0
DATA=2455336.11978|3.102|0.11|0.0
DATA=2455336.12228|3.119|0.122|0.0
DATA=2455336.13469|3.17|0.182|0.0
DATA=2455336.13721|3.145|0.156|0.0
DATA=2455336.13969|2.949|0.122|0.0
ENDDATA
