STARTMETADATA
REVISEDDATA=FALSE
OBJECTNUMBER=0
OBJECTNAME=2009 WZ104
MPCDESIG=2009 WZ104
SESSIONDATE=2009-12-19
SESSIONTIME=07:00:00
CONTACTNAME=B. A. Skiff
CONTACTINFO=B. A. Skiff, Lowell Observatory, 1400 West Mars Hill Road, Flagstaff, AZ 86001 USA
OBSERVERS=Bevins, E.K.
OBSLONGITUDE=-111.536694
OBSLATITUDE=+35.095833
OBJECTRA=01:16
OBJECTDEC=+07
PHASE=+62.75
PABL=+52.1
PABB=-0.1
FILTER=CLEAR
MAGBAND=SR
CICORRECTION=FALSE
CIBAND=NONE
CITARGET=+0.000
DIFFERMAGS=FALSE
MAGADJUST=0.0
STANDARD=INTERNAL
LTCAPP=NONE
LTCDAYS=-0.000438
LTCTYPE=NONE
REDUCEDMAGS=NONE
UCORMAG=+5.5636
PUBLICATION=
BIBCODE=
COMMENT=The long/lat are for the CONTACT's location, not necessarily the observer's
DELIMITER=PIPE
COMPNAME1=011647.12 +080558.8
COMPRA1=
COMPDEC1=
COMPMAG1=15.805
COMPCI1=0.377
COMPNAME2=011657.04 +080533.5
COMPRA2=
COMPDEC2=
COMPMAG2=15.344
COMPCI2=0.448
COMPNAME3=011518.82 +080646.3
COMPRA3=
COMPDEC3=
COMPMAG3=15.712
COMPCI3=0.354
COMPNAME4=011644.43 +075751.5
COMPRA4=
COMPDEC4=
COMPMAG4=15.538
COMPCI4=0.383
COMPNAME5=011519.37 +075603.8
COMPRA5=
COMPDEC5=
COMPMAG5=15.714
COMPCI5=0.389
ENDMETADATA
DATA=2455184.65453|17.554|0.038|
DATA=2455184.66027|17.552|0.036|
DATA=2455184.66601|17.607|0.036|
DATA=2455184.67174|17.617|0.036|
DATA=2455184.67748|17.52|0.032|
DATA=2455184.68321|17.624|0.036|
DATA=2455184.68894|17.616|0.037|
DATA=2455184.69468|17.56|0.034|
DATA=2455184.70042|17.683|0.041|
DATA=2455184.70616|17.554|0.036|
DATA=2455184.71188|17.427|0.034|
DATA=2455184.71763|17.552|0.038|
DATA=2455184.7291|17.338|0.035|
DATA=2455184.73483|17.266|0.033|
DATA=2455184.74056|17.336|0.037|
DATA=2455184.75204|17.388|0.038|
DATA=2455184.75778|17.248|0.036|
DATA=2455184.76353|17.284|0.037|
DATA=2455184.76926|17.407|0.041|
DATA=2455184.77499|17.359|0.043|
DATA=2455184.78073|17.475|0.048|
DATA=2455184.78647|17.324|0.044|
ENDDATA
