STARTMETADATA
REVISEDDATA=FALSE
OBJECTNUMBER=90988
OBJECTNAME=1997 XS13
MPCDESIG=1997 XS13
SESSIONDATE=2012-12-18
SESSIONTIME=07:00:00
CONTACTNAME=B. D. Warner
CONTACTINFO=brian@MinorPlanetObserver.com
OBSERVERS=B. D. Warner
OBSLONGITUDE=-104.750556
OBSLATITUDE=+39.092778
OBJECTRA=05:16
OBJECTDEC=+19
PHASE=+3.84
PABL=+81.3
PABB=-3.0
FILTER=C
MAGBAND=V
CICORRECTION=TRUE
CIBAND=VR
CITARGET=+0.450
DIFFERMAGS=FALSE
MAGADJUST=0.0
STANDARD=INTERNAL
LTCAPP=NONE
LTCDAYS=-0.006134
LTCTYPE=NONE
REDUCEDMAGS=NONE
UCORMAG=-1.6819
PUBLICATION=
BIBCODE=
COMMENT=Unless otherwise stated, the long/lat are for the observer location
DELIMITER=PIPE
COMPNAME1=051538.13 +190314.3
COMPRA1=05:15:38.10
COMPDEC1=+19:03:14.1
COMPMAG1=15.817
COMPCI1=0.471
COMPNAME2=051607.82 +190152.7
COMPRA2=05:16:07.84
COMPDEC2=+19:01:52.2
COMPMAG2=14.141
COMPCI2=0.427
COMPNAME3=051609.55 +185841.2
COMPRA3=05:16:09.56
COMPDEC3=+18:58:41.0
COMPMAG3=13.919
COMPCI3=0.415
COMPNAME4=051604.93 +190019.3
COMPRA4=05:16:04.94
COMPDEC4=+19:00:19.1
COMPMAG4=14.231
COMPCI4=0.461
COMPNAME5=051600.54 +185451.2
COMPRA5=05:16:00.54
COMPDEC5=+18:54:51.2
COMPMAG5=14.696
COMPCI5=0.368
ENDMETADATA
DATA=2456279.58152|18.279|0.099|2.041
DATA=2456279.58751|18.265|0.091|1.941
DATA=2456279.59052|18.194|0.084|1.895
DATA=2456279.60554|18.273|0.084|1.7
DATA=2456279.61619|18.276|0.084|1.589
DATA=2456279.61919|18.237|0.078|1.561
DATA=2456279.6222|18.297|0.084|1.534
DATA=2456279.62521|18.248|0.078|1.509
DATA=2456279.62821|18.319|0.078|1.485
DATA=2456279.6312|18.279|0.078|1.462
DATA=2456279.63421|18.268|0.078|1.44
DATA=2456279.64022|18.329|0.078|1.399
DATA=2456279.66333|18.352|0.078|1.272
DATA=2456279.66633|18.313|0.078|1.259
DATA=2456279.67233|18.421|0.078|1.234
DATA=2456279.68664|18.335|0.073|1.183
DATA=2456279.68964|18.383|0.078|1.173
DATA=2456279.69264|18.335|0.078|1.165
DATA=2456279.69864|18.289|0.064|1.148
DATA=2456279.70164|18.321|0.068|1.141
DATA=2456279.70463|18.324|0.064|1.134
DATA=2456279.70763|18.361|0.068|1.127
DATA=2456279.72117|18.26|0.057|1.101
DATA=2456279.72417|18.309|0.06|1.097
DATA=2456279.72717|18.303|0.06|1.092
DATA=2456279.73017|18.281|0.057|1.088
DATA=2456279.73616|18.275|0.064|1.081
DATA=2456279.73916|18.23|0.057|1.078
DATA=2456279.74216|18.26|0.057|1.075
DATA=2456279.74515|18.184|0.052|1.073
DATA=2456279.74816|18.297|0.057|1.071
DATA=2456279.7564|18.174|0.052|1.066
DATA=2456279.76239|18.278|0.057|1.065
DATA=2456279.76539|18.249|0.054|1.064
DATA=2456279.76839|18.185|0.052|1.064
DATA=2456279.77138|18.227|0.052|1.064
DATA=2456279.77438|18.194|0.052|1.065
DATA=2456279.79419|18.226|0.054|1.076
DATA=2456279.80319|18.256|0.054|1.085
DATA=2456279.80619|18.184|0.052|1.089
DATA=2456279.81519|18.252|0.054|1.102
DATA=2456279.8182|18.281|0.057|1.107
DATA=2456279.82575|18.288|0.057|1.121
DATA=2456279.82875|18.221|0.054|1.128
DATA=2456279.83175|18.268|0.057|1.135
DATA=2456279.83476|18.252|0.054|1.142
DATA=2456279.88161|18.3|0.057|1.316
DATA=2456279.89773|18.315|0.06|1.412
DATA=2456279.90073|18.379|0.064|1.433
DATA=2456279.90373|18.314|0.064|1.454
DATA=2456279.90673|18.299|0.06|1.477
DATA=2456279.90973|18.252|0.06|1.5
DATA=2456279.91574|18.29|0.06|1.551
DATA=2456279.93241|18.218|0.06|1.722
DATA=2456279.93541|18.264|0.064|1.759
DATA=2456279.94141|18.282|0.068|1.837
DATA=2456279.94441|18.241|0.064|1.88
DATA=2456279.95042|18.321|0.073|1.972
ENDDATA
