STARTMETADATA
REVISEDDATA=FALSE
OBJECTNUMBER=127532
OBJECTNAME=2002 WH9
MPCDESIG=2002 WH9
SESSIONDATE=2011-08-20
SESSIONTIME=05:49:00
CONTACTNAME=R. D. Stephens
CONTACTINFO=R. D. Stephens, 11355 Mount Johnson Court, Rancho Cucamonga, CA 91737
OBSERVERS=R. D. Stephens
OBSLONGITUDE=-70.816667
OBSLATITUDE=-30.166667
OBJECTRA=22:16
OBJECTDEC=-22
PHASE=+2.25
PABL=+327.6
PABB=-10.3
FILTER=R
MAGBAND=R
CICORRECTION=FALSE
CIBAND=NONE
CITARGET=+0.000
DIFFERMAGS=FALSE
MAGADJUST=0.0
STANDARD=INTERNAL
LTCAPP=NONE
LTCDAYS=-0.023782
LTCTYPE=NONE
REDUCEDMAGS=NONE
UCORMAG=-6.6193
PUBLICATION=
BIBCODE=
COMMENT=Heliocentric ecliptic longitude/latitude: +327.74/-11.42
COMMENT=Earth/Sun distances (AU): +5.1160/+4.1203
COMMENT=Observer Instrumentation: CTIO 4-meter/Mosaic
DELIMITER=PIPE
COMPNAME1=X:470.3 / Y:654.9
COMPRA1=
COMPDEC1=
COMPMAG1=+0.000
COMPCI1=+0.000
COMPNAME2=X:108.8 / Y:614.7
COMPRA2=
COMPDEC2=
COMPMAG2=+0.000
COMPCI2=+0.000
COMPNAME3=X:89.5 / Y:518.2
COMPRA3=
COMPDEC3=
COMPMAG3=+0.000
COMPCI3=+0.000
COMPNAME4=X:119.4 / Y:872.2
COMPRA4=
COMPDEC4=
COMPMAG4=+0.000
COMPCI4=+0.000
COMPNAME5=X:122.0 / Y:334.7
COMPRA5=
COMPDEC5=
COMPMAG5=+0.000
COMPCI5=+0.000
ENDMETADATA
DATA=2455793.579547|+1.534|+0.011|1.381
DATA=2455793.622677|+1.510|+0.009|1.157
DATA=2455793.625414|+1.533|+0.009|1.147
DATA=2455793.665808|+1.528|+0.010|1.047
DATA=2455793.676742|+1.539|+0.011|1.031
DATA=2455793.679480|+1.541|+0.011|1.028
DATA=2455793.682219|+1.529|+0.011|1.025
DATA=2455793.694484|+1.527|+0.011|1.015
DATA=2455793.697360|+1.504|+0.011|1.014
DATA=2455793.700097|+1.517|+0.011|1.012
DATA=2455793.739317|+1.494|+0.010|1.021
DATA=2455793.742054|+1.493|+0.010|1.024
DATA=2455793.744793|+1.490|+0.010|1.026
DATA=2455793.748080|+1.505|+0.010|1.030
DATA=2455793.750817|+1.508|+0.010|1.034
DATA=2455793.753556|+1.534|+0.011|1.037
DATA=2455793.756583|+1.536|+0.011|1.042
DATA=2455793.762060|+1.540|+0.011|1.050
DATA=2455793.765236|+1.515|+0.011|1.056
DATA=2455793.767973|+1.533|+0.011|1.061
DATA=2455793.770713|+1.512|+0.011|1.066
DATA=2455793.773583|+1.494|+0.011|1.072
DATA=2455793.776321|+1.487|+0.011|1.079
DATA=2455793.779061|+1.528|+0.011|1.085
DATA=2455793.782059|+1.515|+0.011|1.092
DATA=2455793.784797|+1.520|+0.011|1.100
DATA=2455793.787537|+1.503|+0.011|1.107
DATA=2455793.792339|+1.528|+0.011|1.121
DATA=2455793.795080|+1.553|+0.012|1.130
DATA=2455793.797817|+1.533|+0.012|1.139
DATA=2455793.801426|+1.535|+0.012|1.151
DATA=2455793.804164|+1.552|+0.012|1.161
DATA=2455793.806905|+1.536|+0.012|1.171
DATA=2455793.810164|+1.561|+0.012|1.184
DATA=2455793.812903|+1.565|+0.013|1.196
DATA=2455793.815643|+1.556|+0.013|1.207
DATA=2455793.820833|+1.519|+0.012|1.231
DATA=2455793.823572|+1.503|+0.012|1.245
DATA=2455793.826313|+1.510|+0.012|1.259
DATA=2455793.829411|+1.509|+0.012|1.276
DATA=2455793.832152|+1.505|+0.012|1.291
DATA=2455793.834891|+1.505|+0.012|1.307
DATA=2455793.837895|+1.510|+0.013|1.325
DATA=2455793.840635|+1.556|+0.013|1.343
DATA=2455793.843375|+1.556|+0.013|1.361
DATA=2455793.846559|+1.551|+0.013|1.384
DATA=2455793.849299|+1.577|+0.014|1.404
DATA=2455793.852039|+1.543|+0.014|1.425
DATA=2455793.855673|+1.571|+0.014|1.454
DATA=2455793.858410|+1.520|+0.013|1.478
DATA=2455793.861150|+1.524|+0.014|1.502
DATA=2455793.864473|+1.531|+0.014|1.534
DATA=2455793.869950|+1.527|+0.014|1.589
DATA=2455793.874050|+1.558|+0.015|1.634
DATA=2455793.876789|+1.543|+0.015|1.666
DATA=2455793.879530|+1.555|+0.015|1.700
DATA=2455793.883023|+1.538|+0.015|1.746
DATA=2455793.885763|+1.559|+0.016|1.784
DATA=2455793.888502|+1.575|+0.016|1.824
DATA=2455793.892242|+1.580|+0.016|1.882
DATA=2455793.895850|+1.581|+0.017|1.942
DATA=2455793.898589|+1.566|+0.017|1.991
DATA=2455793.902468|+1.533|+0.017|2.065
DATA=2455793.905681|+1.560|+0.017|2.131
ENDDATA
