STARTMETADATA
REVISEDDATA=FALSE
OBJECTNUMBER=75538
OBJECTNAME=1999 XV230
MPCDESIG=1999 XV230
SESSIONDATE=2011-08-20
SESSIONTIME=04:18:00
CONTACTNAME=R. D. Stephens
CONTACTINFO=R. D. Stephens, 11355 Mount Johnson Court, Rancho Cucamonga, CA 91737
OBSERVERS=R. D. Stephens
OBSLONGITUDE=-70.816667
OBSLATITUDE=-30.166667
OBJECTRA=22:17
OBJECTDEC=-22
PHASE=+3.64
PABL=+327.6
PABB=-9.7
FILTER=R
MAGBAND=R
CICORRECTION=FALSE
CIBAND=NONE
CITARGET=+0.000
DIFFERMAGS=FALSE
MAGADJUST=0.0
STANDARD=INTERNAL
LTCAPP=NONE
LTCDAYS=-0.012703
LTCTYPE=NONE
REDUCEDMAGS=NONE
UCORMAG=-4.2376
PUBLICATION=
BIBCODE=
COMMENT=Heliocentric ecliptic longitude/latitude: +327.81/-11.50
COMMENT=Earth/Sun distances (AU): +3.1986/+2.2007
COMMENT=Observer Instrumentation: CTIO 4-meter/SBIG STL-1001e
DELIMITER=PIPE
COMPNAME2=221526.10 -223941.1
COMPRA2=
COMPDEC2=
COMPMAG2=+0.000
COMPCI2=+0.000
COMPNAME3=221516.67 -224003.3
COMPRA3=
COMPDEC3=
COMPMAG3=+0.000
COMPCI3=+0.000
ENDMETADATA
DATA=2455793.571324|+2.024|+0.012|1.449
DATA=2455793.574066|+2.076|+0.012|1.427
DATA=2455793.603893|+2.056|+0.011|1.239
DATA=2455793.607825|+2.034|+0.011|1.221
DATA=2455793.613792|+2.033|+0.010|1.194
DATA=2455793.616531|+2.071|+0.011|1.183
DATA=2455793.619272|+2.072|+0.011|1.172
DATA=2455793.622677|+2.044|+0.010|1.159
DATA=2455793.625414|+2.014|+0.010|1.149
DATA=2455793.676742|+1.968|+0.011|1.032
DATA=2455793.679480|+1.981|+0.011|1.029
DATA=2455793.682219|+2.000|+0.011|1.026
DATA=2455793.739317|+2.024|+0.011|1.021
DATA=2455793.742054|+2.063|+0.011|1.023
DATA=2455793.744793|+2.043|+0.011|1.026
DATA=2455793.748080|+2.010|+0.011|1.029
DATA=2455793.750817|+2.013|+0.011|1.033
DATA=2455793.753556|+1.999|+0.011|1.036
DATA=2455793.756583|+1.992|+0.011|1.040
DATA=2455793.759321|+1.975|+0.011|1.045
DATA=2455793.762060|+1.996|+0.012|1.049
DATA=2455793.765236|+2.002|+0.012|1.055
DATA=2455793.767973|+2.036|+0.012|1.060
DATA=2455793.770713|+2.044|+0.012|1.065
DATA=2455793.773583|+2.033|+0.012|1.071
DATA=2455793.776321|+2.033|+0.012|1.077
DATA=2455793.779061|+2.080|+0.012|1.083
DATA=2455793.782059|+2.047|+0.012|1.091
DATA=2455793.784797|+2.099|+0.013|1.098
DATA=2455793.787537|+2.103|+0.013|1.105
ENDDATA
