STARTMETADATA
REVISEDDATA=FALSE
OBJECTNUMBER=146134
OBJECTNAME=2000 SE1
MPCDESIG=2000 SE1
SESSIONDATE=2010-07-15
SESSIONTIME=08:30:00
CONTACTNAME=B. A. Skiff
CONTACTINFO=B. A. Skiff, Lowell Observatory, 1400 West Mars Hill Road, Flagstaff, AZ 86001 USA
OBSERVERS=Skiff, B.A.
OBSLONGITUDE=-111.535833
OBSLATITUDE=+35.098500
OBJECTRA=22:34
OBJECTDEC=+19
PHASE=+33.42
PABL=+331.3
PABB=+20.8
FILTER=R
MAGBAND=SR
CICORRECTION=FALSE
CIBAND=NONE
CITARGET=+0.000
DIFFERMAGS=FALSE
MAGADJUST=0.0
STANDARD=INTERNAL
LTCAPP=NONE
LTCDAYS=-0.004736
LTCTYPE=NONE
REDUCEDMAGS=NONE
UCORMAG=-0.5849
PUBLICATION=
BIBCODE=
COMMENT=The long/lat are for the CONTACT's location, not necessarily the observer's
DELIMITER=PIPE
COMPNAME1=223424.03 +195253.3
COMPRA1=
COMPDEC1=
COMPMAG1=14.454
COMPCI1=0.491
COMPNAME2=223418.88 +195158.4
COMPRA2=
COMPDEC2=
COMPMAG2=14.491
COMPCI2=0.365
COMPNAME3=223410.15 +195200.2
COMPRA3=
COMPDEC3=
COMPMAG3=13.602
COMPCI3=0.358
COMPNAME4=223424.50 +194950.5
COMPRA4=
COMPDEC4=
COMPMAG4=15.114
COMPCI4=0.435
COMPNAME5=223424.84 +194914.8
COMPRA5=
COMPDEC5=
COMPMAG5=15.111
COMPCI5=0.486
ENDMETADATA
DATA=2455392.74399|18.552|0.099|
DATA=2455392.7464|18.482|0.099|
DATA=2455392.77258|18.4|0.084|
DATA=2455392.77499|18.623|0.099|
DATA=2455392.78013|18.642|0.099|
DATA=2455392.78254|18.438|0.078|
DATA=2455392.78765|18.417|0.078|
DATA=2455392.79006|18.567|0.091|
DATA=2455392.79517|18.456|0.078|
DATA=2455392.79758|18.572|0.084|
DATA=2455392.8027|18.462|0.078|
DATA=2455392.80511|18.442|0.078|
DATA=2455392.81207|18.202|0.061|
DATA=2455392.81448|18.388|0.068|
DATA=2455392.8196|18.345|0.068|
DATA=2455392.82201|18.304|0.064|
DATA=2455392.82713|18.235|0.057|
DATA=2455392.82954|18.265|0.06|
DATA=2455392.83466|18.226|0.06|
DATA=2455392.83707|18.117|0.054|
DATA=2455392.84221|18.197|0.057|
DATA=2455392.84461|18.161|0.054|
DATA=2455392.84974|18.17|0.054|
DATA=2455392.85215|18.098|0.05|
DATA=2455392.85726|18.054|0.05|
DATA=2455392.85967|18.026|0.047|
DATA=2455392.86628|17.943|0.044|
DATA=2455392.86869|17.877|0.04|
DATA=2455392.87382|17.867|0.039|
DATA=2455392.87623|17.909|0.04|
DATA=2455392.88135|17.969|0.044|
DATA=2455392.88376|17.961|0.045|
DATA=2455392.89128|17.939|0.044|
DATA=2455392.89641|17.896|0.045|
DATA=2455392.90637|17.73|0.042|
DATA=2455392.91148|17.729|0.036|
DATA=2455392.91389|17.826|0.039|
DATA=2455392.92011|17.821|0.038|
DATA=2455392.92253|17.794|0.038|
DATA=2455392.92764|17.839|0.039|
DATA=2455392.93006|17.808|0.039|
DATA=2455392.93519|17.756|0.036|
DATA=2455392.9376|17.802|0.039|
DATA=2455392.94272|17.747|0.035|
DATA=2455392.94513|17.803|0.036|
DATA=2455392.95026|17.797|0.036|
DATA=2455392.95267|17.863|0.039|
DATA=2455392.9578|17.762|0.038|
DATA=2455392.96021|17.662|0.035|
DATA=2455392.96536|17.653|0.04|
DATA=2455392.96777|17.731|0.05|
ENDDATA
