STARTMETADATA
REVISEDDATA=FALSE
OBJECTNUMBER=14223
OBJECTNAME=Dolby
MPCDESIG=1999 XW1
SESSIONDATE=2010-12-11
SESSIONTIME=06:00:00
CONTACTNAME=B. A. Skiff
CONTACTINFO=B. A. Skiff, Lowell Observatory, 1400 West Mars Hill Road, Flagstaff, AZ 86001 USA
OBSERVERS=Skiff, B.A.
OBSLONGITUDE=-111.535833
OBSLATITUDE=+35.098500
OBJECTRA=03:58
OBJECTDEC=+16
PHASE=+9.04
PABL=+65.3
PABB=-3.3
FILTER=R
MAGBAND=SR
CICORRECTION=FALSE
CIBAND=NONE
CITARGET=+0.000
DIFFERMAGS=FALSE
MAGADJUST=0.0
STANDARD=INTERNAL
LTCAPP=NONE
LTCDAYS=-0.005983
LTCTYPE=NONE
REDUCEDMAGS=NONE
UCORMAG=-1.5777
PUBLICATION=
BIBCODE=
COMMENT=The long/lat are for the CONTACT's location, not necessarily the observer's
DELIMITER=PIPE
COMPNAME1=035819.11 +160053.0
COMPRA1=
COMPDEC1=
COMPMAG1=14.66
COMPCI1=0.418
COMPNAME2=035818.10 +160207.7
COMPRA2=
COMPDEC2=
COMPMAG2=14.171
COMPCI2=0.464
COMPNAME3=035824.66 +160152.8
COMPRA3=
COMPDEC3=
COMPMAG3=11.598
COMPCI3=0.399
COMPNAME4=035827.76 +160311.3
COMPRA4=
COMPDEC4=
COMPMAG4=13.129
COMPCI4=0.416
COMPNAME5=035824.34 +161000.9
COMPRA5=
COMPDEC5=
COMPMAG5=14.468
COMPCI5=0.42
ENDMETADATA
DATA=2455541.55535|16.694|0.058|
DATA=2455541.55649|16.699|0.061|
DATA=2455541.55763|16.738|0.052|
DATA=2455541.55877|16.703|0.05|
DATA=2455541.55991|16.687|0.052|
DATA=2455541.56105|16.689|0.048|
DATA=2455541.56219|16.678|0.046|
DATA=2455541.56798|16.699|0.052|
DATA=2455541.57664|16.702|0.044|
DATA=2455541.57952|16.744|0.048|
DATA=2455541.59915|16.645|0.035|
DATA=2455541.60207|16.608|0.037|
DATA=2455541.60499|16.645|0.037|
DATA=2455541.60792|16.725|0.041|
DATA=2455541.61083|16.691|0.039|
DATA=2455541.61375|16.726|0.038|
DATA=2455541.61663|16.674|0.037|
DATA=2455541.61953|16.677|0.035|
DATA=2455541.62241|16.692|0.035|
DATA=2455541.6253|16.66|0.034|
DATA=2455541.62818|16.657|0.034|
DATA=2455541.63106|16.653|0.034|
DATA=2455541.63397|16.666|0.035|
DATA=2455541.63974|16.62|0.033|
DATA=2455541.64262|16.616|0.032|
DATA=2455541.64551|16.626|0.035|
DATA=2455541.64839|16.677|0.037|
DATA=2455541.65128|16.656|0.038|
DATA=2455541.66781|16.628|0.037|
DATA=2455541.67069|16.719|0.034|
DATA=2455541.6736|16.706|0.033|
DATA=2455541.67648|16.704|0.032|
DATA=2455541.67935|16.705|0.032|
DATA=2455541.68223|16.723|0.032|
DATA=2455541.6851|16.691|0.031|
DATA=2455541.68797|16.711|0.032|
DATA=2455541.69086|16.719|0.032|
DATA=2455541.69374|16.697|0.031|
DATA=2455541.69666|16.645|0.031|
DATA=2455541.69956|16.685|0.037|
DATA=2455541.70245|16.723|0.05|
DATA=2455541.70538|16.702|0.029|
DATA=2455541.7096|16.72|0.032|
DATA=2455541.71249|16.673|0.034|
DATA=2455541.71539|16.68|0.03|
DATA=2455541.71828|16.684|0.029|
DATA=2455541.72117|16.7|0.031|
DATA=2455541.72408|16.735|0.042|
DATA=2455541.72698|16.698|0.032|
DATA=2455541.72989|16.69|0.033|
DATA=2455541.73279|16.661|0.03|
DATA=2455541.73569|16.695|0.034|
DATA=2455541.73859|16.713|0.042|
DATA=2455541.74438|16.716|0.032|
DATA=2455541.74727|16.702|0.033|
DATA=2455541.75017|16.678|0.046|
DATA=2455541.7579|16.708|0.037|
DATA=2455541.76678|16.717|0.046|
DATA=2455541.77454|16.721|0.042|
DATA=2455541.78231|16.78|0.041|
DATA=2455541.79006|16.786|0.048|
DATA=2455541.79784|16.751|0.038|
DATA=2455541.8056|16.732|0.044|
DATA=2455541.81339|16.782|0.033|
DATA=2455541.8221|16.733|0.034|
DATA=2455541.84223|16.809|0.035|
DATA=2455541.84997|16.836|0.037|
DATA=2455541.85772|16.838|0.042|
DATA=2455541.86546|16.922|0.055|
DATA=2455541.8732|16.849|0.055|
DATA=2455541.88192|16.917|0.048|
DATA=2455541.88967|16.888|0.099|
DATA=2455541.89742|16.947|0.084|
DATA=2455541.90517|16.956|0.068|
DATA=2455541.91293|16.911|0.064|
DATA=2455541.92841|16.954|0.044|
DATA=2455541.93736|17.016|0.046|
DATA=2455541.9451|16.989|0.05|
DATA=2455541.9607|16.996|0.052|
ENDDATA
