STARTMETADATA
REVISEDDATA=FALSE
OBJECTNUMBER=28290
OBJECTNAME=1999 CY51
MPCDESIG=1999 CY51
SESSIONDATE=2005-08-12
SESSIONTIME=13:04:36
CONTACTNAME=D. Higgins
CONTACTINFO=higginsdj@bigpond.com
OBSERVERS=Higgins, D.
OBSLONGITUDE=+129.100000
OBSLATITUDE=-35.150000
OBJECTRA=20:32
OBJECTDEC=-31
PHASE=+7.57
PABL=+305.7
PABB=-10.3
FILTER=C
MAGBAND=R
CICORRECTION=FALSE
CIBAND=NONE
CITARGET=+0.000
DIFFERMAGS=TRUE
MAGADJUST=0.0
STANDARD=NONE
LTCAPP=NONE
LTCDAYS=-0.010491
LTCTYPE=NONE
REDUCEDMAGS=NONE
UCORMAG=-3.5226
PUBLICATION=
BIBCODE=
DELIMITER=PIPE
COMPNAME1=Comp1
COMPRA1=
COMPDEC1=
COMPMAG1=0.0
COMPCI1=0.0
COMPNAME2=Comp2
COMPRA2=
COMPDEC2=
COMPMAG2=0.0
COMPCI2=0.0
COMPNAME3=Comp3
COMPRA3=
COMPDEC3=
COMPMAG3=0.0
COMPCI3=0.0
COMPNAME4=Comp4
COMPRA4=
COMPDEC4=
COMPMAG4=0.0
COMPCI4=0.0
COMPNAME5=Comp5
COMPRA5=
COMPDEC5=
COMPMAG5=0.0
COMPCI5=0.0
ENDMETADATA
DATA=2453594.85418|3.774|0.217|0.0
DATA=2453594.8565|3.682|0.155|0.0
DATA=2453594.8982|3.66|0.121|0.0
DATA=2453594.90051|3.753|0.136|0.0
DATA=2453594.90283|3.747|0.136|0.0
DATA=2453594.90514|3.942|0.155|0.0
DATA=2453594.90747|3.744|0.121|0.0
DATA=2453594.90978|3.836|0.136|0.0
DATA=2453594.9121|3.842|0.136|0.0
DATA=2453594.91442|3.759|0.121|0.0
DATA=2453594.91674|3.677|0.109|0.0
DATA=2453594.91905|3.862|0.136|0.0
DATA=2453594.92137|3.984|0.155|0.0
DATA=2453594.92368|3.728|0.121|0.0
DATA=2453594.92601|3.845|0.136|0.0
DATA=2453594.92832|3.857|0.136|0.0
DATA=2453594.93065|3.772|0.121|0.0
DATA=2453594.93297|3.817|0.121|0.0
DATA=2453594.93528|3.801|0.121|0.0
DATA=2453594.93759|3.815|0.121|0.0
DATA=2453594.93991|3.785|0.121|0.0
DATA=2453594.94224|3.78|0.121|0.0
DATA=2453594.94455|3.852|0.121|0.0
DATA=2453594.9816|3.687|0.109|0.0
DATA=2453594.98391|3.756|0.109|0.0
DATA=2453595.02917|3.871|0.136|0.0
DATA=2453595.03148|3.915|0.136|0.0
DATA=2453595.0338|3.895|0.121|0.0
DATA=2453595.03611|3.924|0.121|0.0
DATA=2453595.03843|3.857|0.121|0.0
DATA=2453595.04074|3.925|0.121|0.0
DATA=2453595.04307|3.905|0.121|0.0
DATA=2453595.04538|3.77|0.109|0.0
DATA=2453595.0477|3.835|0.109|0.0
DATA=2453595.05001|3.954|0.121|0.0
DATA=2453595.05233|3.837|0.109|0.0
DATA=2453595.10364|3.806|0.09|0.0
DATA=2453595.10595|3.956|0.09|0.0
DATA=2453595.10828|3.958|0.09|0.0
DATA=2453595.11059|3.889|0.09|0.0
DATA=2453595.11291|3.924|0.09|0.0
DATA=2453595.11522|3.796|0.09|0.0
DATA=2453595.11754|3.901|0.09|0.0
DATA=2453595.11985|3.779|0.09|0.0
DATA=2453595.16616|3.563|0.072|0.0
DATA=2453595.16849|3.854|0.09|0.0
DATA=2453595.1708|3.745|0.084|0.0
DATA=2453595.17312|3.638|0.072|0.0
DATA=2453595.17543|3.661|0.084|0.0
DATA=2453595.17775|3.61|0.072|0.0
DATA=2453595.18006|3.792|0.09|0.0
DATA=2453595.18237|3.773|0.09|0.0
DATA=2453595.18469|3.918|0.09|0.0
DATA=2453595.187|3.913|0.09|0.0
DATA=2453595.18933|3.893|0.09|0.0
DATA=2453595.19165|3.972|0.109|0.0
DATA=2453595.19396|3.98|0.109|0.0
DATA=2453595.19628|3.999|0.109|0.0
DATA=2453595.19859|3.971|0.109|0.0
DATA=2453595.20089|3.967|0.109|0.0
DATA=2453595.23336|3.607|0.09|0.0
DATA=2453595.23567|3.74|0.109|0.0
DATA=2453595.238|3.788|0.109|0.0
DATA=2453595.24031|3.893|0.121|0.0
DATA=2453595.24264|4.025|0.155|0.0
DATA=2453595.24496|3.878|0.136|0.0
DATA=2453595.24727|4.024|0.155|0.0
DATA=2453595.24959|3.821|0.155|0.0
DATA=2453595.2519|4.072|0.217|0.0
DATA=2453595.25422|4.189|0.217|0.0
DATA=2453595.25653|4.004|0.155|0.0
ENDDATA
