STARTMETADATA
REVISEDDATA=FALSE
OBJECTNUMBER=14211
OBJECTNAME=1999 NT1
MPCDESIG=1999 NT1
SESSIONDATE=2006-07-27
SESSIONTIME=07:00:00
CONTACTNAME=B. D. Warner
CONTACTINFO=brian@MinorPlanetObserver.com
OBSERVERS=Warner, B.D.
OBSLONGITUDE=+0.000000
OBSLATITUDE=+0.000000
OBJECTRA=
OBJECTDEC=
PHASE=+20.38
PABL=+323.1
PABB=+19.3
FILTER=C
MAGBAND=R
CICORRECTION=FALSE
CIBAND=NONE
CITARGET=+0.000
DIFFERMAGS=TRUE
MAGADJUST=0.0
STANDARD=NONE
LTCAPP=NONE
LTCDAYS=-0.004830
LTCTYPE=NONE
REDUCEDMAGS=NONE
UCORMAG=-0.8379
PUBLICATION=
BIBCODE=
DELIMITER=PIPE
COMPNAME1=X:161.47/Y:512.10
COMPRA1=
COMPDEC1=
COMPMAG1=0.0
COMPCI1=0.0
COMPNAME2=X:193.68/Y:470.16
COMPRA2=
COMPDEC2=
COMPMAG2=0.0
COMPCI2=0.0
COMPNAME3=X:152.69/Y:554.83
COMPRA3=
COMPDEC3=
COMPMAG3=0.0
COMPCI3=0.0
COMPNAME4=X:310.98/Y:523.05
COMPRA4=
COMPDEC4=
COMPMAG4=0.0
COMPCI4=0.0
ENDMETADATA
DATA=2453943.70897|1.767|0.009|1.553
DATA=2453943.71182|1.77|0.009|1.53
DATA=2453943.71466|1.752|0.012|1.507
DATA=2453943.71752|1.78|0.009|1.485
DATA=2453943.72037|1.746|0.008|1.464
DATA=2453943.72322|1.734|0.008|1.444
DATA=2453943.73175|1.702|0.009|1.39
DATA=2453943.73462|1.721|0.008|1.373
DATA=2453943.75354|1.69|0.008|1.281
DATA=2453943.75638|1.666|0.007|1.269
DATA=2453943.75923|1.666|0.007|1.258
DATA=2453943.76209|1.683|0.007|1.247
DATA=2453943.76495|1.675|0.007|1.237
DATA=2453943.7678|1.685|0.007|1.227
DATA=2453943.77509|1.704|0.007|1.205
DATA=2453943.77794|1.714|0.007|1.197
DATA=2453943.7808|1.728|0.01|1.189
DATA=2453943.78365|1.741|0.009|1.182
DATA=2453943.78651|1.76|0.008|1.175
DATA=2453943.78936|1.758|0.007|1.169
DATA=2453943.7922|1.776|0.007|1.163
DATA=2453943.79505|1.8|0.007|1.157
DATA=2453943.79791|1.789|0.007|1.152
DATA=2453943.80077|1.78|0.008|1.147
DATA=2453943.80728|1.762|0.007|1.137
DATA=2453943.81012|1.731|0.007|1.134
DATA=2453943.81298|1.727|0.008|1.13
DATA=2453943.82438|1.698|0.007|1.119
DATA=2453943.83007|1.666|0.007|1.116
DATA=2453943.83292|1.675|0.007|1.115
DATA=2453943.83964|1.661|0.007|1.113
DATA=2453943.84248|1.657|0.008|1.113
DATA=2453943.84818|1.694|0.007|1.113
DATA=2453943.85103|1.722|0.007|1.114
DATA=2453943.85389|1.712|0.007|1.115
DATA=2453943.85675|1.742|0.007|1.116
DATA=2453943.85961|1.752|0.008|1.118
DATA=2453943.86531|1.758|0.007|1.122
DATA=2453943.87233|1.768|0.008|1.128
DATA=2453943.87518|1.778|0.008|1.132
DATA=2453943.87802|1.772|0.007|1.135
DATA=2453943.88089|1.739|0.007|1.139
DATA=2453943.88374|1.717|0.007|1.144
DATA=2453943.8866|1.695|0.007|1.148
DATA=2453943.88945|1.674|0.014|1.153
ENDDATA
