STARTMETADATA
REVISEDDATA=FALSE
OBJECTNUMBER=24475
OBJECTNAME=2000 VN2
MPCDESIG=2000 VN2
SESSIONDATE=2011-11-27
SESSIONTIME=14:00:00
CONTACTNAME=D. J. Higgins
CONTACTINFO=higginsdj@bigpond.com
OBSERVERS=D. J. Higgins
OBSLONGITUDE=+149.110000
OBSLATITUDE=-35.162417
OBJECTRA=03:24
OBJECTDEC=+00
PHASE=+19.40
PABL=+55.3
PABB=-11.3
FILTER=C
MAGBAND=R
CICORRECTION=FALSE
CIBAND=NONE
CITARGET=+0.000
DIFFERMAGS=TRUE
MAGADJUST=0.0
STANDARD=NONE
LTCAPP=NONE
LTCDAYS=-0.001492
LTCTYPE=NONE
REDUCEDMAGS=NONE
UCORMAG=+2.4930
PUBLICATION=
BIBCODE=
COMMENT=Observer Instrumentation: FP - Meade 14" LX200/SBIG STL-1001E
DELIMITER=PIPE
COMPNAME1=032456.96 -003125.5
COMPRA1=03:24:57.02
COMPDEC1=-00:31:25.5
COMPMAG1=12.746
COMPCI1=0.328
COMPNAME2=032448.76 -003721.7
COMPRA2=03:24:48.78
COMPDEC2=-00:37:21.6
COMPMAG2=13.833
COMPCI2=0.436
COMPNAME3=032442.72 -003858.2
COMPRA3=03:24:42.76
COMPDEC3=-00:38:58.0
COMPMAG3=13.501
COMPCI3=0.365
COMPNAME4=032524.10 -003428.8
COMPRA4=03:25:24.10
COMPDEC4=-00:34:28.8
COMPMAG4=13.78
COMPCI4=0.41
ENDMETADATA
DATA=2455892.91627|0.967|0.011|1.759
DATA=2455892.91786|0.982|0.01|1.741
DATA=2455892.92036|0.933|0.009|1.714
DATA=2455892.92194|0.955|0.008|1.697
DATA=2455892.92352|0.956|0.008|1.681
DATA=2455892.92602|0.978|0.008|1.657
DATA=2455892.9276|0.953|0.007|1.642
DATA=2455892.92918|0.962|0.007|1.628
DATA=2455892.93169|0.954|0.007|1.606
DATA=2455892.93329|0.951|0.007|1.592
DATA=2455892.93488|0.952|0.007|1.579
DATA=2455892.93737|0.969|0.007|1.559
DATA=2455892.93897|0.968|0.007|1.547
DATA=2455892.94054|0.967|0.007|1.535
DATA=2455892.94304|0.958|0.006|1.517
DATA=2455892.94463|0.956|0.006|1.506
DATA=2455892.94622|0.954|0.006|1.496
DATA=2455892.94874|0.972|0.006|1.479
DATA=2455892.95032|0.952|0.006|1.469
DATA=2455892.95191|0.947|0.006|1.46
DATA=2455892.95441|0.939|0.006|1.445
DATA=2455892.956|0.944|0.006|1.436
DATA=2455892.95757|0.961|0.006|1.427
DATA=2455892.96852|0.957|0.006|1.374
DATA=2455892.97008|0.961|0.006|1.367
DATA=2455892.97168|0.967|0.006|1.36
DATA=2455892.98491|0.952|0.006|1.311
DATA=2455892.98651|0.97|0.006|1.306
DATA=2455892.98809|0.965|0.006|1.301
DATA=2455892.99906|0.95|0.006|1.272
DATA=2455893.00064|0.946|0.006|1.269
DATA=2455893.00222|0.958|0.006|1.265
DATA=2455893.01317|0.953|0.006|1.245
DATA=2455893.01475|0.963|0.007|1.243
DATA=2455893.01633|0.942|0.006|1.241
DATA=2455893.02727|0.964|0.007|1.229
DATA=2455893.02884|0.963|0.006|1.228
DATA=2455893.03042|0.969|0.006|1.227
DATA=2455893.04137|0.96|0.006|1.222
DATA=2455893.04294|0.96|0.006|1.222
DATA=2455893.04453|0.968|0.006|1.222
DATA=2455893.05934|0.937|0.005|1.228
DATA=2455893.0609|0.951|0.006|1.229
DATA=2455893.07188|0.96|0.007|1.241
DATA=2455893.07347|0.964|0.006|1.244
DATA=2455893.07505|0.949|0.006|1.246
DATA=2455893.08595|0.947|0.006|1.266
DATA=2455893.08755|0.963|0.006|1.27
DATA=2455893.08912|0.953|0.006|1.273
DATA=2455893.10013|0.96|0.006|1.303
DATA=2455893.10171|0.96|0.006|1.308
DATA=2455893.1033|0.955|0.006|1.313
ENDDATA
