STARTMETADATA
REVISEDDATA=FALSE
OBJECTNUMBER=136017
OBJECTNAME=2002 VH74
MPCDESIG=2002 VH74
SESSIONDATE=2012-11-20
SESSIONTIME=07:00:00
CONTACTNAME=B. D. Warner
CONTACTINFO=brian@MinorPlanetObserver.com
OBSERVERS=B. D. Warner
OBSLONGITUDE=-104.750556
OBSLATITUDE=+39.092778
OBJECTRA=03:56
OBJECTDEC=+15
PHASE=+1.76
PABL=+60.0
PABB=-3.6
FILTER=C
MAGBAND=V
CICORRECTION=TRUE
CIBAND=VR
CITARGET=+0.450
DIFFERMAGS=FALSE
MAGADJUST=0.0
STANDARD=INTERNAL
LTCAPP=NONE
LTCDAYS=-0.010146
LTCTYPE=NONE
REDUCEDMAGS=NONE
UCORMAG=-3.4162
PUBLICATION=
BIBCODE=
COMMENT=Unless otherwise stated, the long/lat are for the observer location
DELIMITER=PIPE
COMPNAME1=035652.21 +155452.8
COMPRA1=03:56:52.21
COMPDEC1=+15:54:52.8
COMPMAG1=14.973
COMPCI1=0.386
COMPNAME2=035656.73 +155620.1
COMPRA2=03:56:56.72
COMPDEC2=+15:56:20.0
COMPMAG2=16.198
COMPCI2=0.425
COMPNAME4=035653.98 +160513.3
COMPRA4=03:56:53.99
COMPDEC4=+16:05:13.5
COMPMAG4=15.614
COMPCI4=0.493
ENDMETADATA
DATA=2456251.58431|18.816|0.272|2.68
DATA=2456251.58728|18.821|0.272|2.587
DATA=2456251.59025|18.854|0.272|2.501
DATA=2456251.59321|18.916|0.272|2.421
DATA=2456251.59619|18.883|0.272|2.347
DATA=2456251.59916|18.647|0.181|2.277
DATA=2456251.61104|18.65|0.181|2.039
DATA=2456251.62274|18.592|0.181|1.855
DATA=2456251.6287|18.733|0.181|1.776
DATA=2456251.63166|18.874|0.217|1.74
DATA=2456251.63463|18.821|0.217|1.705
DATA=2456251.6376|18.92|0.217|1.672
DATA=2456251.64353|18.807|0.181|1.612
DATA=2456251.65545|18.857|0.181|1.507
DATA=2456251.66139|18.991|0.217|1.462
DATA=2456251.66435|18.94|0.217|1.441
DATA=2456251.6703|18.962|0.217|1.401
DATA=2456251.67624|18.943|0.217|1.366
DATA=2456251.67922|18.749|0.155|1.349
DATA=2456251.68218|18.535|0.121|1.333
DATA=2456251.69114|18.614|0.136|1.289
DATA=2456251.69411|18.766|0.155|1.276
DATA=2456251.69708|18.82|0.155|1.264
DATA=2456251.70004|18.66|0.155|1.252
DATA=2456251.70303|18.739|0.155|1.24
DATA=2456251.70599|18.684|0.155|1.23
DATA=2456251.70896|18.773|0.155|1.219
DATA=2456251.71194|18.726|0.155|1.209
DATA=2456251.7149|18.93|0.181|1.2
DATA=2456251.71787|18.865|0.181|1.191
DATA=2456251.72736|18.968|0.181|1.166
DATA=2456251.73033|19.05|0.181|1.159
DATA=2456251.7333|18.893|0.181|1.152
DATA=2456251.73627|19.086|0.217|1.146
DATA=2456251.73924|19.03|0.181|1.14
DATA=2456251.74518|18.972|0.181|1.13
DATA=2456251.76415|18.867|0.155|1.106
DATA=2456251.76712|18.701|0.136|1.103
DATA=2456251.77009|18.855|0.155|1.101
DATA=2456251.77305|18.848|0.155|1.099
DATA=2456251.77603|18.794|0.136|1.098
DATA=2456251.80527|18.626|0.121|1.099
DATA=2456251.80824|18.716|0.136|1.101
DATA=2456251.81419|18.896|0.155|1.106
DATA=2456251.81716|18.841|0.136|1.109
DATA=2456251.82013|18.724|0.136|1.112
DATA=2456251.83308|18.801|0.155|1.13
DATA=2456251.83605|18.881|0.155|1.135
DATA=2456251.83902|18.995|0.181|1.141
DATA=2456251.85091|18.869|0.155|1.166
DATA=2456251.85686|18.664|0.136|1.182
DATA=2456251.86733|18.63|0.136|1.213
DATA=2456251.87329|18.553|0.121|1.234
DATA=2456251.87923|18.529|0.121|1.257
DATA=2456251.8822|18.625|0.136|1.269
DATA=2456251.88517|18.613|0.136|1.282
DATA=2456251.88815|18.87|0.155|1.295
DATA=2456251.89112|18.886|0.155|1.309
DATA=2456251.89409|18.754|0.136|1.324
DATA=2456251.90771|18.966|0.181|1.401
DATA=2456251.91068|18.912|0.181|1.42
DATA=2456251.91366|19.136|0.217|1.44
DATA=2456251.91663|18.871|0.155|1.461
DATA=2456251.91961|19.035|0.181|1.483
DATA=2456251.92258|19.047|0.181|1.506
DATA=2456251.92555|19.079|0.217|1.531
DATA=2456251.92852|18.993|0.181|1.556
DATA=2456251.93645|19.029|0.217|1.631
DATA=2456251.9424|18.921|0.181|1.693
DATA=2456251.94537|18.776|0.155|1.727
DATA=2456251.94834|18.954|0.181|1.763
DATA=2456251.95131|18.698|0.155|1.801
DATA=2456251.95428|18.845|0.181|1.84
ENDDATA
