STARTMETADATA
REVISEDDATA=FALSE
OBJECTNUMBER=7933
OBJECTNAME=Magritte
MPCDESIG=1989 GP4
SESSIONDATE=2011-08-01
SESSIONTIME=07:00:00
CONTACTNAME=B. D. Warner
CONTACTINFO=brian@MinorPlanetObserver.com
OBSERVERS=Warner, B.D.
OBSLONGITUDE=-104.750556
OBSLATITUDE=+39.092778
OBJECTRA=20:55
OBJECTDEC=-05
PHASE=+5.78
PABL=+313.3
PABB=+8.6
FILTER=C
MAGBAND=R
CICORRECTION=TRUE
CIBAND=VR
CITARGET=+0.450
DIFFERMAGS=FALSE
MAGADJUST=0.0
STANDARD=INTERNAL
LTCAPP=NONE
LTCDAYS=-0.007008
LTCTYPE=NONE
REDUCEDMAGS=NONE
UCORMAG=-2.1489
PUBLICATION=
BIBCODE=
COMMENT=Observer Instrumentation: 0.35m f/9.1 SCT/SBIG STL-1001E
DELIMITER=PIPE
COMPNAME1=205543.14 -054733.5
COMPRA1=20:55:43.14
COMPDEC1=-05:47:33.9
COMPMAG1=13.41
COMPCI1=0.414
COMPNAME2=205555.36 -054820.0
COMPRA2=20:55:55.39
COMPDEC2=-05:48:20.2
COMPMAG2=14.555
COMPCI2=0.411
COMPNAME3=205555.24 -054639.1
COMPRA3=20:55:55.23
COMPDEC3=-05:46:39.7
COMPMAG3=15.355
COMPCI3=0.432
ENDMETADATA
DATA=2455774.66899|16.778|0.031|2.166
DATA=2455774.67199|16.759|0.028|2.117
DATA=2455774.67499|16.805|0.027|2.071
DATA=2455774.68258|16.85|0.03|1.965
DATA=2455774.68558|16.89|0.03|1.928
DATA=2455774.68858|16.885|0.03|1.892
DATA=2455774.69158|16.967|0.031|1.859
DATA=2455774.69458|17.007|0.039|1.827
DATA=2455774.69757|17.047|0.034|1.798
DATA=2455774.70056|17.085|0.035|1.77
DATA=2455774.70355|17.133|0.035|1.743
DATA=2455774.70654|17.091|0.034|1.718
DATA=2455774.70954|17.11|0.033|1.694
DATA=2455774.71705|16.993|0.03|1.64
DATA=2455774.72303|16.932|0.029|1.602
DATA=2455774.72603|16.914|0.028|1.585
DATA=2455774.72902|16.841|0.026|1.568
DATA=2455774.73201|16.883|0.027|1.553
DATA=2455774.73501|16.866|0.026|1.538
DATA=2455774.738|16.887|0.026|1.524
DATA=2455774.741|16.872|0.026|1.511
DATA=2455774.74399|16.818|0.024|1.499
DATA=2455774.75134|16.884|0.026|1.472
DATA=2455774.75434|16.874|0.025|1.463
DATA=2455774.75733|16.915|0.026|1.454
DATA=2455774.76032|16.906|0.026|1.445
DATA=2455774.76331|16.898|0.025|1.438
DATA=2455774.7663|16.964|0.027|1.431
DATA=2455774.78574|17.096|0.029|1.399
DATA=2455774.78874|17.113|0.029|1.396
DATA=2455774.79174|17.114|0.03|1.394
DATA=2455774.79472|16.969|0.026|1.392
DATA=2455774.79772|16.96|0.025|1.391
DATA=2455774.80072|16.826|0.022|1.391
DATA=2455774.80371|16.826|0.022|1.391
DATA=2455774.80971|16.802|0.022|1.392
DATA=2455774.82001|16.877|0.025|1.4
DATA=2455774.82302|16.838|0.024|1.403
DATA=2455774.82602|16.903|0.026|1.407
DATA=2455774.82901|16.989|0.028|1.412
DATA=2455774.832|17.04|0.028|1.417
DATA=2455774.835|17.079|0.03|1.422
DATA=2455774.838|17.09|0.03|1.429
DATA=2455774.84099|17.124|0.03|1.435
DATA=2455774.84399|17.075|0.029|1.443
DATA=2455774.84701|17.051|0.029|1.451
DATA=2455774.8546|16.923|0.026|1.475
DATA=2455774.85758|16.879|0.025|1.485
DATA=2455774.87258|16.868|0.025|1.549
DATA=2455774.87557|16.815|0.024|1.565
DATA=2455774.87858|16.895|0.027|1.581
DATA=2455774.88158|16.838|0.026|1.598
ENDDATA
