STARTMETADATA
REVISEDDATA=FALSE
OBJECTNUMBER=4905
OBJECTNAME=Hiromi
MPCDESIG=1991 JM1
SESSIONDATE=2013-09-29
SESSIONTIME=14:00:00
CONTACTNAME=J. Oey
CONTACTINFO=J. Oey, 94 Rawson Pde. NSW 2780
OBSERVERS=J. Oey
OBSLONGITUDE=+150.341667
OBSLATITUDE=-33.706667
OBJECTRA=01:46
OBJECTDEC=+10
PHASE=+10.12
PABL=+23.7
PABB=+0.0
FILTER=C
MAGBAND=R
CICORRECTION=FALSE
CIBAND=NONE
CITARGET=+0.000
DIFFERMAGS=FALSE
MAGADJUST=0.0
STANDARD=INTERNAL
LTCAPP=NONE
LTCDAYS=-0.006966
LTCTYPE=NONE
REDUCEDMAGS=NONE
UCORMAG=-2.0875
PUBLICATION=
BIBCODE=
COMMENT=Observer Instrumentation: 0.61m CDK f7/U16M
DELIMITER=PIPE
COMPNAME1=014611.67 +105503.3
COMPRA1=01:46:11.67
COMPDEC1=+10:55:03.2
COMPMAG1=13.95
COMPCI1=0.366
COMPNAME2=014612.91 +110201.1
COMPRA2=01:46:12.90
COMPDEC2=+11:02:01.1
COMPMAG2=14.34
COMPCI2=0.398
COMPNAME3=014615.30 +110328.4
COMPRA3=01:46:15.30
COMPDEC3=+11:03:28.4
COMPMAG3=13.45
COMPCI3=0.367
COMPNAME4=014634.70 +110420.9
COMPRA4=01:46:34.69
COMPDEC4=+11:04:21.1
COMPMAG4=14.266
COMPCI4=0.413
COMPNAME5=014658.05 +110308.7
COMPRA5=01:46:58.06
COMPDEC5=+11:03:08.8
COMPMAG5=13.429
COMPCI5=0.368
ENDMETADATA
DATA=2456565.06643|14.477|0.004|
DATA=2456565.07009|14.475|0.004|
DATA=2456565.07376|14.464|0.004|
DATA=2456565.0774|14.475|0.004|
DATA=2456565.08107|14.469|0.004|
DATA=2456565.08476|14.482|0.004|
DATA=2456565.0884|14.493|0.004|
DATA=2456565.09208|14.493|0.004|
DATA=2456565.09574|14.503|0.004|
DATA=2456565.09941|14.545|0.004|
DATA=2456565.10308|14.575|0.004|
DATA=2456565.10674|14.63|0.004|
DATA=2456565.11039|14.663|0.004|
DATA=2456565.11405|14.722|0.004|
DATA=2456565.11772|14.769|0.004|
DATA=2456565.12137|14.828|0.005|
DATA=2456565.12503|14.872|0.005|
DATA=2456565.12868|14.898|0.005|
DATA=2456565.13235|14.894|0.005|
DATA=2456565.13601|14.9|0.005|
DATA=2456565.13967|14.907|0.005|
DATA=2456565.14334|14.904|0.005|
DATA=2456565.147|14.919|0.005|
DATA=2456565.15067|14.896|0.005|
DATA=2456565.15434|14.891|0.005|
DATA=2456565.15798|14.88|0.005|
DATA=2456565.16163|14.817|0.005|
DATA=2456565.16527|14.777|0.005|
DATA=2456565.16893|14.717|0.004|
DATA=2456565.17258|14.672|0.004|
DATA=2456565.17625|14.633|0.004|
DATA=2456565.17992|14.595|0.004|
DATA=2456565.1836|14.566|0.004|
DATA=2456565.18726|14.535|0.004|
DATA=2456565.19092|14.517|0.004|
DATA=2456565.19459|14.502|0.004|
DATA=2456565.19825|14.486|0.004|
DATA=2456565.20192|14.49|0.004|
DATA=2456565.20559|14.492|0.004|
DATA=2456565.20925|14.477|0.004|
DATA=2456565.21289|14.497|0.005|
DATA=2456565.21655|14.495|0.006|
DATA=2456565.22022|14.516|0.01|
DATA=2456565.22385|14.55|0.011|
DATA=2456565.22753|14.536|0.006|
DATA=2456565.23117|14.575|0.006|
DATA=2456565.23482|14.62|0.005|
DATA=2456565.23849|14.654|0.006|
DATA=2456565.24213|14.683|0.006|
DATA=2456565.24579|14.759|0.008|
ENDDATA
