STARTMETADATA
REVISEDDATA=FALSE
OBJECTNUMBER=7134
OBJECTNAME=Ikeuchisatoru
MPCDESIG=1993 UY
SESSIONDATE=2007-06-16
SESSIONTIME=08:08:00
CONTACTNAME=R. D. Stephens
CONTACTINFO=R. D. Stephens, 11355 Mount Johnson Court, Rancho Cucamonga, CA 91737
OBSERVERS=Stephens, R.D.
OBSLONGITUDE=0
OBSLATITUDE=0
OBJECTRA=18:03
OBJECTDEC=-08
PHASE=+8.32
PABL=+269.3
PABB=+11.5
FILTER=C
MAGBAND=R
CICORRECTION=FALSE
CIBAND=NONE
CITARGET=+0.000
DIFFERMAGS=FALSE
MAGADJUST=0.0
STANDARD=INTERNAL
LTCAPP=NONE
LTCDAYS=-0.005806
LTCTYPE=NONE
REDUCEDMAGS=NONE
UCORMAG=-1.5188
PUBLICATION=
BIBCODE=
COMMENT=Heliocentric ecliptic longitude/latitude: +270.90/+15.40
COMMENT=Earth/Sun distances (AU): +2.0007/+1.0059
COMMENT=Observer Instrumentation: ALCDEF Import/ALCDEF Import
COMMENT=The observer's longitude/latitude were not available
DELIMITER=PIPE
COMPNAME1=18 03.49 / - 8 02.6
COMPRA1=
COMPDEC1=
COMPMAG1=+0.000
COMPCI1=+0.000
ENDMETADATA
DATA=2454267.727280|+1.104|+0.010|1.857
DATA=2454267.729150|+1.125|+0.010|1.836
DATA=2454267.731030|+1.126|+0.010|1.815
DATA=2454267.732900|+1.139|+0.010|1.795
DATA=2454267.734780|+1.107|+0.010|1.776
DATA=2454267.736650|+1.115|+0.010|1.757
DATA=2454267.738530|+1.130|+0.010|1.739
DATA=2454267.740400|+1.097|+0.009|1.722
DATA=2454267.744150|+1.086|+0.009|1.689
DATA=2454267.749780|+1.044|+0.009|1.644
DATA=2454267.755410|+1.063|+0.010|1.604
DATA=2454267.757290|+1.070|+0.009|1.591
DATA=2454267.759160|+1.108|+0.009|1.579
DATA=2454267.761040|+1.109|+0.009|1.567
DATA=2454267.762910|+1.111|+0.009|1.556
DATA=2454267.764790|+1.099|+0.009|1.545
DATA=2454267.766670|+1.130|+0.009|1.534
DATA=2454267.772290|+1.132|+0.009|1.505
DATA=2454267.776040|+1.119|+0.009|1.487
DATA=2454267.777920|+1.107|+0.009|1.479
DATA=2454267.779790|+1.107|+0.009|1.471
DATA=2454267.783900|+1.119|+0.009|1.454
DATA=2454267.785780|+1.113|+0.009|1.447
DATA=2454267.787660|+1.125|+0.009|1.441
DATA=2454267.789530|+1.104|+0.008|1.434
DATA=2454267.791410|+1.133|+0.009|1.428
DATA=2454267.793290|+1.111|+0.008|1.422
DATA=2454267.816610|+1.055|+0.008|1.369
DATA=2454267.820360|+1.108|+0.008|1.364
DATA=2454267.822230|+1.109|+0.008|1.361
DATA=2454267.824110|+1.122|+0.008|1.359
DATA=2454267.825980|+1.129|+0.008|1.357
DATA=2454267.827860|+1.122|+0.008|1.356
DATA=2454267.829730|+1.123|+0.008|1.354
DATA=2454267.831610|+1.101|+0.008|1.353
DATA=2454267.833480|+1.114|+0.008|1.352
DATA=2454267.835360|+1.096|+0.008|1.351
DATA=2454267.837240|+1.140|+0.008|1.351
DATA=2454267.839120|+1.096|+0.008|1.350
DATA=2454267.840990|+1.099|+0.008|1.350
DATA=2454267.842870|+1.117|+0.008|1.350
DATA=2454267.846620|+1.132|+0.008|1.351
DATA=2454267.852240|+1.117|+0.008|1.354
DATA=2454267.854120|+1.127|+0.009|1.355
DATA=2454267.856000|+1.117|+0.009|1.357
DATA=2454267.857870|+1.125|+0.008|1.358
DATA=2454267.859750|+1.091|+0.008|1.360
DATA=2454267.861620|+1.098|+0.009|1.362
DATA=2454267.865380|+1.098|+0.009|1.367
DATA=2454267.884140|+1.049|+0.009|1.406
DATA=2454267.886010|+1.101|+0.009|1.411
DATA=2454267.889770|+1.125|+0.009|1.423
DATA=2454267.891640|+1.169|+0.009|1.428
DATA=2454267.893520|+1.215|+0.010|1.435
DATA=2454267.895400|+1.151|+0.009|1.441
DATA=2454267.897270|+1.175|+0.009|1.448
DATA=2454267.899150|+1.203|+0.009|1.455
DATA=2454267.901020|+1.194|+0.010|1.463
DATA=2454267.904780|+1.205|+0.010|1.478
DATA=2454267.906650|+1.129|+0.009|1.487
DATA=2454267.936680|+1.093|+0.010|1.672
DATA=2454267.940430|+1.215|+0.010|1.704
DATA=2454267.942310|+1.214|+0.011|1.721
DATA=2454267.944190|+1.215|+0.011|1.738
DATA=2454267.946060|+1.217|+0.011|1.756
DATA=2454267.947940|+1.246|+0.011|1.774
DATA=2454267.949810|+1.256|+0.011|1.794
DATA=2454267.951690|+1.236|+0.011|1.813
ENDDATA
