STARTMETADATA
REVISEDDATA=FALSE
OBJECTNUMBER=139537
OBJECTNAME=2001 QE25
MPCDESIG=2001 QE25
SESSIONDATE=2009-03-21
SESSIONTIME=18:04:00
CONTACTNAME=J. Oey
CONTACTINFO=julianoey1@optusnet.com.au
OBSERVERS=Oey, J.
OBSLONGITUDE=+105.341667
OBSLATITUDE=-33.706667
OBJECTRA=12:46
OBJECTDEC=-04
PHASE=+4.28
PABL=+190.5
PABB=+0.1
FILTER=C
MAGBAND=R
CICORRECTION=FALSE
CIBAND=NONE
CITARGET=+0.000
DIFFERMAGS=TRUE
MAGADJUST=0.0
STANDARD=NONE
LTCAPP=NONE
LTCDAYS=-0.008389
LTCTYPE=NONE
REDUCEDMAGS=NONE
UCORMAG=-2.7490
PUBLICATION=
BIBCODE=
DELIMITER=PIPE
COMPNAME5=124757.78 -45040.8
COMPRA5=
COMPDEC5=
COMPMAG5=0.0
COMPCI5=0.0
COMPNAME4=124744.31 -45342.1
COMPRA4=
COMPDEC4=
COMPMAG4=0.0
COMPCI4=0.0
COMPNAME3=124729.30 -45227.2
COMPRA3=
COMPDEC3=
COMPMAG3=0.0
COMPCI3=0.0
COMPNAME2=124738.48 -45004.9
COMPRA2=
COMPDEC2=
COMPMAG2=0.0
COMPCI2=0.0
COMPNAME1=124744.30 -44909.4
COMPRA1=
COMPDEC1=
COMPMAG1=0.0
COMPCI1=0.0
ENDMETADATA
DATA=2454912.21442|4.196|0.078|1.396
DATA=2454912.21807|4.128|0.072|1.418
DATA=2454912.22172|4.045|0.064|1.442
DATA=2454912.22538|4.268|0.084|1.467
DATA=2454912.22903|4.148|0.078|1.494
DATA=2454912.23268|4.28|0.084|1.523
DATA=2454912.23638|4.325|0.091|1.553
DATA=2454912.24003|4.221|0.084|1.586
DATA=2454912.24368|4.348|0.099|1.621
DATA=2454912.24734|4.178|0.084|1.658
DATA=2454912.25099|4.087|0.078|1.698
DATA=2454912.25464|4.142|0.084|1.74
DATA=2454912.2583|4.05|0.078|1.786
DATA=2454912.26195|4.037|0.084|1.835
DATA=2454912.2656|3.902|0.072|1.888
DATA=2454912.26925|4.148|0.091|1.945
DATA=2454912.27291|3.999|0.084|2.006
DATA=2454912.27657|4.244|0.109|2.073
DATA=2454912.28022|4.158|0.099|2.145
DATA=2454912.28387|4.415|0.136|2.223
DATA=2454912.28752|4.223|0.121|2.309
DATA=2454912.29058|4.104|0.155|2.386
ENDDATA
