STARTMETADATA
REVISEDDATA=FALSE
OBJECTNUMBER=3260
OBJECTNAME=Vizbor
MPCDESIG=1974 SO2
SESSIONDATE=2006-02-20
SESSIONTIME=02:15:00
CONTACTNAME=R. I. Durkee
CONTACTINFO=russdurkee@earthlink.net
OBSERVERS=Durkee, R.I.
OBSLONGITUDE=-93.220000
OBSLATITUDE=+44.983333
OBJECTRA=09:37
OBJECTDEC=+03
PHASE=+5.57
PABL=+146.8
PABB=-7.5
FILTER=C
MAGBAND=R
CICORRECTION=FALSE
CIBAND=NONE
CITARGET=+0.000
DIFFERMAGS=TRUE
MAGADJUST=0.0
STANDARD=NONE
LTCAPP=NONE
LTCDAYS=-0.006055
LTCTYPE=NONE
REDUCEDMAGS=NONE
UCORMAG=-1.6389
PUBLICATION=
BIBCODE=
DELIMITER=PIPE
COMPNAME1=X:217.21/Y:291.34
COMPRA1=
COMPDEC1=
COMPMAG1=0.0
COMPCI1=0.0
COMPNAME2=X:275.32/Y:230.82
COMPRA2=
COMPDEC2=
COMPMAG2=0.0
COMPCI2=0.0
COMPNAME3=X:488.39/Y:220.71
COMPRA3=
COMPDEC3=
COMPMAG3=0.0
COMPCI3=0.0
ENDMETADATA
DATA=2453786.6088|0.506|0.014|2.363
DATA=2453786.61329|0.457|0.013|2.263
DATA=2453786.61837|0.522|0.013|2.161
DATA=2453786.62296|0.602|0.012|2.078
DATA=2453786.62717|0.523|0.012|2.009
DATA=2453786.63634|0.575|0.011|1.877
DATA=2453786.64139|0.627|0.011|1.814
DATA=2453786.64598|0.598|0.011|1.761
DATA=2453786.65046|0.636|0.011|1.714
DATA=2453786.65553|0.626|0.011|1.665
DATA=2453786.66463|0.593|0.01|1.588
DATA=2453786.66969|0.544|0.01|1.55
DATA=2453786.6743|0.601|0.01|1.518
DATA=2453786.6788|0.597|0.01|1.489
DATA=2453786.68388|0.645|0.01|1.459
DATA=2453786.68847|0.642|0.009|1.434
DATA=2453786.69298|0.652|0.009|1.412
DATA=2453786.6981|0.667|0.009|1.389
DATA=2453786.7028|0.633|0.009|1.369
DATA=2453786.70738|0.671|0.009|1.351
DATA=2453786.71252|0.663|0.009|1.333
DATA=2453786.74959|0.677|0.009|1.251
DATA=2453786.75421|0.696|0.009|1.246
DATA=2453786.7587|0.668|0.009|1.242
DATA=2453786.77797|0.679|0.009|1.237
DATA=2453786.78258|0.715|0.009|1.238
DATA=2453786.78708|0.713|0.009|1.24
DATA=2453786.79216|0.766|0.009|1.243
DATA=2453786.80126|0.747|0.009|1.253
DATA=2453786.85801|0.784|0.01|1.418
ENDDATA
