STARTMETADATA
REVISEDDATA=FALSE
OBJECTNUMBER=187463
OBJECTNAME=2005 XX106
MPCDESIG=2005 XX106
SESSIONDATE=2011-08-21
SESSIONTIME=04:41:00
CONTACTNAME=R. D. Stephens
CONTACTINFO=R. D. Stephens, 11355 Mount Johnson Court, Rancho Cucamonga, CA 91737
OBSERVERS=R. D. Stephens
OBSLONGITUDE=-70.816667
OBSLATITUDE=-30.166667
OBJECTRA=22:33
OBJECTDEC=-08
PHASE=+1.78
PABL=+335.8
PABB=+0.1
FILTER=R
MAGBAND=R
CICORRECTION=FALSE
CIBAND=NONE
CITARGET=+0.000
DIFFERMAGS=FALSE
MAGADJUST=0.0
STANDARD=INTERNAL
LTCAPP=NONE
LTCDAYS=-0.024014
LTCTYPE=NONE
REDUCEDMAGS=NONE
UCORMAG=-6.6598
PUBLICATION=
BIBCODE=
COMMENT=Heliocentric ecliptic longitude/latitude: +336.74/+0.09
COMMENT=Earth/Sun distances (AU): +5.1620/+4.1605
COMMENT=Observer Instrumentation: CTIO 4-meter/Mosaic
DELIMITER=PIPE
COMPNAME1=X:333.7 / Y:383.4
COMPRA1=
COMPDEC1=
COMPMAG1=+0.000
COMPCI1=+0.000
COMPNAME2=X:193.0 / Y:574.3
COMPRA2=
COMPDEC2=
COMPMAG2=+0.000
COMPCI2=+0.000
COMPNAME3=X:463.5 / Y:518.8
COMPRA3=
COMPDEC3=
COMPMAG3=+0.000
COMPCI3=+0.000
COMPNAME4=X:416.6 / Y:406.1
COMPRA4=
COMPDEC4=
COMPMAG4=+0.000
COMPCI4=+0.000
COMPNAME5=X:444.2 / Y:782.4
COMPRA5=
COMPDEC5=
COMPMAG5=+0.000
COMPCI5=+0.000
ENDMETADATA
DATA=2455794.575785|+1.441|+0.013|1.676
DATA=2455794.580579|+1.449|+0.013|1.621
DATA=2455794.583798|+1.452|+0.013|1.586
DATA=2455794.588024|+1.443|+0.013|1.544
DATA=2455794.591492|+1.421|+0.013|1.512
DATA=2455794.595604|+1.442|+0.013|1.477
DATA=2455794.598341|+1.415|+0.013|1.454
DATA=2455794.605059|+1.421|+0.013|1.404
DATA=2455794.612000|+1.427|+0.013|1.357
DATA=2455794.614738|+1.432|+0.013|1.340
DATA=2455794.617478|+1.445|+0.013|1.324
DATA=2455794.621433|+1.432|+0.013|1.302
DATA=2455794.624170|+1.422|+0.012|1.288
DATA=2455794.626911|+1.435|+0.013|1.274
DATA=2455794.630187|+1.446|+0.012|1.258
DATA=2455794.632926|+1.440|+0.012|1.246
DATA=2455794.635667|+1.428|+0.012|1.234
DATA=2455794.639760|+1.449|+0.012|1.217
DATA=2455794.642500|+1.445|+0.013|1.207
DATA=2455794.645240|+1.491|+0.013|1.197
DATA=2455794.649887|+1.492|+0.013|1.181
DATA=2455794.652625|+1.482|+0.013|1.172
DATA=2455794.655365|+1.485|+0.013|1.164
DATA=2455794.658466|+1.500|+0.013|1.155
DATA=2455794.661205|+1.472|+0.012|1.147
DATA=2455794.663946|+1.480|+0.012|1.140
DATA=2455794.668523|+1.473|+0.012|1.130
DATA=2455794.671262|+1.455|+0.012|1.123
DATA=2455794.674002|+1.483|+0.012|1.118
DATA=2455794.678818|+1.468|+0.012|1.109
DATA=2455794.681559|+1.443|+0.012|1.104
DATA=2455794.684300|+1.432|+0.012|1.100
DATA=2455794.687890|+1.451|+0.012|1.095
DATA=2455794.690630|+1.441|+0.012|1.091
DATA=2455794.693369|+1.437|+0.012|1.088
DATA=2455794.696986|+1.438|+0.012|1.084
DATA=2455794.699727|+1.410|+0.012|1.081
DATA=2455794.702466|+1.411|+0.012|1.079
DATA=2455794.705665|+1.442|+0.013|1.077
DATA=2455794.708404|+1.431|+0.013|1.075
DATA=2455794.711143|+1.423|+0.013|1.074
DATA=2455794.714486|+1.425|+0.013|1.073
DATA=2455794.717225|+1.459|+0.013|1.072
DATA=2455794.719965|+1.440|+0.013|1.072
DATA=2455794.723324|+1.407|+0.015|1.072
DATA=2455794.726061|+1.449|+0.018|1.072
DATA=2455794.732674|+1.459|+0.022|1.074
DATA=2455794.735411|+1.432|+0.029|1.075
DATA=2455794.738150|+1.444|+0.035|1.077
DATA=2455794.741172|+1.475|+0.034|1.079
DATA=2455794.750038|+1.487|+0.028|1.087
DATA=2455794.752777|+1.495|+0.026|1.091
DATA=2455794.755516|+1.473|+0.022|1.094
DATA=2455794.767235|+1.477|+0.030|1.113
DATA=2455794.777529|+1.462|+0.028|1.135
DATA=2455794.780676|+1.447|+0.028|1.143
DATA=2455794.783744|+1.425|+0.043|1.151
DATA=2455794.790096|+1.445|+0.017|1.169
DATA=2455794.808792|+1.433|+0.028|1.237
DATA=2455794.812659|+1.449|+0.028|1.254
DATA=2455794.815633|+1.429|+0.044|1.268
ENDDATA
