STARTMETADATA
REVISEDDATA=FALSE
OBJECTNUMBER=8648
OBJECTNAME=Salix
MPCDESIG=1989 RJ
SESSIONDATE=2011-03-13
SESSIONTIME=06:30:00
CONTACTNAME=B. A. Skiff
CONTACTINFO=B. A. Skiff, Lowell Observatory, 1400 West Mars Hill Road, Flagstaff, AZ 86991 USA
OBSERVERS=Skiff, B.A.
OBSLONGITUDE=-111.535833
OBSLATITUDE=+35.098500
OBJECTRA=09:57
OBJECTDEC=+07
PHASE=+10.52
PABL=+154.0
PABB=-3.8
FILTER=R
MAGBAND=SR
CICORRECTION=FALSE
CIBAND=NONE
CITARGET=+0.000
DIFFERMAGS=FALSE
MAGADJUST=0.0
STANDARD=INTERNAL
LTCAPP=NONE
LTCDAYS=-0.007199
LTCTYPE=NONE
REDUCEDMAGS=NONE
UCORMAG=-2.1856
PUBLICATION=
BIBCODE=
COMMENT=The long/lat are for the CONTACT's location, not necessarily the observer's
DELIMITER=PIPE
COMPNAME1=095736.64 +072608.6
COMPRA1=
COMPDEC1=
COMPMAG1=15.67
COMPCI1=0.427
COMPNAME2=095714.45 +071831.2
COMPRA2=
COMPDEC2=
COMPMAG2=15.624
COMPCI2=0.599
COMPNAME3=095702.29 +072110.7
COMPRA3=
COMPDEC3=
COMPMAG3=16.065
COMPCI3=0.454
COMPNAME4=095657.41 +072827.6
COMPRA4=
COMPDEC4=
COMPMAG4=15.566
COMPCI4=0.509
ENDMETADATA
DATA=2455633.6047|16.283|0.045|
DATA=2455633.61199|16.279|0.043|
DATA=2455633.61919|16.266|0.042|
DATA=2455633.6264|16.259|0.041|
DATA=2455633.6336|16.322|0.04|
DATA=2455633.64084|16.316|0.039|
DATA=2455633.64941|16.285|0.04|
DATA=2455633.65671|16.252|0.038|
DATA=2455633.664|16.313|0.038|
DATA=2455633.67131|16.322|0.038|
DATA=2455633.67861|16.367|0.041|
DATA=2455633.68591|16.299|0.038|
DATA=2455633.69319|16.316|0.038|
DATA=2455633.70051|16.32|0.039|
DATA=2455633.71005|16.358|0.038|
DATA=2455633.71736|16.357|0.04|
DATA=2455633.72465|16.344|0.037|
DATA=2455633.73198|16.362|0.038|
DATA=2455633.73929|16.362|0.037|
DATA=2455633.74662|16.366|0.037|
DATA=2455633.75393|16.368|0.037|
DATA=2455633.7627|16.392|0.041|
DATA=2455633.77763|16.426|0.043|
DATA=2455633.78494|16.456|0.063|
DATA=2455633.79224|16.402|0.049|
DATA=2455633.79957|16.423|0.057|
DATA=2455633.8225|16.498|0.059|
DATA=2455633.83707|16.562|0.044|
DATA=2455633.86762|16.552|0.043|
DATA=2455633.8749|16.565|0.042|
DATA=2455633.88215|16.546|0.04|
DATA=2455633.88942|16.621|0.042|
DATA=2455633.89667|16.632|0.043|
DATA=2455633.90392|16.639|0.041|
DATA=2455633.91122|16.609|0.042|
DATA=2455633.9185|16.722|0.045|
DATA=2455633.92604|16.721|0.046|
DATA=2455633.93156|16.756|0.084|
DATA=2455633.93475|16.708|0.048|
ENDDATA
