STARTMETADATA
REVISEDDATA=FALSE
OBJECTNUMBER=114728
OBJECTNAME=2003 HP3
MPCDESIG=2003 HP3
SESSIONDATE=2007-10-03
SESSIONTIME=06:00:00
CONTACTNAME=B. D. Warner
CONTACTINFO=brian@MinorPlanetObserver.com
OBSERVERS=Warner, B.D.
OBSLONGITUDE=+0.000000
OBSLATITUDE=+0.000000
OBJECTRA=
OBJECTDEC=
PHASE=+11.88
PABL=+354.5
PABB=+3.2
FILTER=C
MAGBAND=R
CICORRECTION=FALSE
CIBAND=NONE
CITARGET=+0.000
DIFFERMAGS=TRUE
MAGADJUST=0.0
STANDARD=NONE
LTCAPP=NONE
LTCDAYS=-0.004588
LTCTYPE=NONE
REDUCEDMAGS=NONE
UCORMAG=-0.7360
PUBLICATION=
BIBCODE=
DELIMITER=PIPE
COMPNAME1=23 11.50 / - 0 31.6
COMPRA1=
COMPDEC1=
COMPMAG1=0.0
COMPCI1=0.0
COMPNAME2=23 11.36 / - 0 24.9
COMPRA2=
COMPDEC2=
COMPMAG2=0.0
COMPCI2=0.0
ENDMETADATA
DATA=2454376.61844|1.831|0.05|1.641
DATA=2454376.62141|1.89|0.055|1.618
DATA=2454376.62438|1.905|0.058|1.595
DATA=2454376.62734|1.82|0.05|1.574
DATA=2454376.63035|1.746|0.046|1.554
DATA=2454376.63334|1.794|0.048|1.534
DATA=2454376.63638|1.747|0.046|1.516
DATA=2454376.6394|1.803|0.048|1.499
DATA=2454376.64238|1.82|0.048|1.482
DATA=2454376.65196|1.887|0.05|1.435
DATA=2454376.65494|1.858|0.055|1.423
DATA=2454376.65792|1.889|0.058|1.41
DATA=2454376.66387|1.932|0.055|1.388
DATA=2454376.66687|1.804|0.053|1.378
DATA=2454376.66986|1.891|0.058|1.368
DATA=2454376.67583|1.954|0.055|1.351
DATA=2454376.68581|2.071|0.065|1.327
DATA=2454376.68866|1.982|0.065|1.321
DATA=2454376.69152|1.963|0.058|1.316
DATA=2454376.69723|1.856|0.053|1.307
DATA=2454376.70013|1.857|0.055|1.303
DATA=2454376.70303|1.883|0.05|1.299
DATA=2454376.70591|1.81|0.053|1.296
DATA=2454376.70877|1.773|0.053|1.294
DATA=2454376.71162|1.88|0.062|1.291
DATA=2454376.72345|1.809|0.074|1.287
DATA=2454376.7292|1.877|0.05|1.287
DATA=2454376.73202|1.885|0.05|1.288
DATA=2454376.73492|1.855|0.048|1.29
DATA=2454376.73776|1.926|0.053|1.291
DATA=2454376.74062|1.966|0.055|1.293
DATA=2454376.75249|1.98|0.058|1.307
DATA=2454376.75535|1.927|0.055|1.311
DATA=2454376.7582|1.962|0.058|1.316
DATA=2454376.76106|1.902|0.055|1.321
DATA=2454376.76393|1.825|0.048|1.327
DATA=2454376.76678|1.825|0.051|1.333
DATA=2454376.76965|1.865|0.053|1.34
DATA=2454376.77541|1.767|0.048|1.355
DATA=2454376.78202|1.859|0.053|1.375
DATA=2454376.78776|1.903|0.058|1.395
DATA=2454376.79057|1.878|0.053|1.405
DATA=2454376.79342|1.886|0.055|1.417
DATA=2454376.79624|1.961|0.074|1.429
DATA=2454376.79908|1.854|0.053|1.441
DATA=2454376.80191|1.944|0.055|1.454
DATA=2454376.80474|1.958|0.061|1.468
DATA=2454376.80757|1.959|0.061|1.483
ENDDATA
