STARTMETADATA
REVISEDDATA=FALSE
OBJECTNUMBER=17864
OBJECTNAME=1998 KK38
MPCDESIG=1998 KK38
SESSIONDATE=2005-11-23
SESSIONTIME=04:00:00
CONTACTNAME=B. D. Warner
CONTACTINFO=brian@MinorPlanetObserver.com
OBSERVERS=Warner, B.D.
OBSLONGITUDE=+0.000000
OBSLATITUDE=+0.000000
OBJECTRA=
OBJECTDEC=
PHASE=+0.30
PABL=+60.2
PABB=-0.1
FILTER=C
MAGBAND=R
CICORRECTION=FALSE
CIBAND=NONE
CITARGET=+0.000
DIFFERMAGS=TRUE
MAGADJUST=0.0
STANDARD=NONE
LTCAPP=NONE
LTCDAYS=-0.010114
LTCTYPE=NONE
REDUCEDMAGS=NONE
UCORMAG=-3.4066
PUBLICATION=
BIBCODE=
DELIMITER=PIPE
COMPNAME1=X:52.79/Y:234.97
COMPRA1=
COMPDEC1=
COMPMAG1=0.0
COMPCI1=0.0
COMPNAME2=X:111.99/Y:233.88
COMPRA2=
COMPDEC2=
COMPMAG2=0.0
COMPCI2=0.0
COMPNAME3=X:101.61/Y:262.52
COMPRA3=
COMPDEC3=
COMPMAG3=0.0
COMPCI3=0.0
ENDMETADATA
DATA=2453697.60727|1.747|0.023|1.786
DATA=2453697.6248|1.695|0.021|1.591
DATA=2453697.62936|1.694|0.021|1.549
DATA=2453697.64369|1.638|0.019|1.435
DATA=2453697.65035|1.597|0.018|1.39
DATA=2453697.65501|1.63|0.019|1.361
DATA=2453697.66164|1.609|0.018|1.323
DATA=2453697.66631|1.642|0.018|1.299
DATA=2453697.67296|1.635|0.018|1.267
DATA=2453697.68427|1.695|0.019|1.22
DATA=2453697.69796|1.696|0.019|1.173
DATA=2453697.70261|1.744|0.022|1.159
DATA=2453697.70928|1.751|0.019|1.141
DATA=2453697.71395|1.785|0.022|1.129
DATA=2453697.7206|1.768|0.019|1.115
DATA=2453697.72526|1.775|0.02|1.106
DATA=2453697.73185|1.741|0.019|1.094
DATA=2453697.73699|1.735|0.019|1.087
DATA=2453697.74167|1.747|0.021|1.08
DATA=2453697.74832|1.719|0.019|1.073
DATA=2453697.75964|1.681|0.02|1.064
DATA=2453697.76431|1.666|0.019|1.061
DATA=2453697.77093|1.627|0.019|1.059
DATA=2453697.78232|1.598|0.018|1.058
DATA=2453697.78698|1.612|0.018|1.059
DATA=2453697.79362|1.58|0.018|1.061
DATA=2453697.79828|1.567|0.018|1.064
DATA=2453697.80493|1.611|0.019|1.069
DATA=2453697.80966|1.596|0.018|1.073
DATA=2453697.81625|1.638|0.019|1.08
DATA=2453697.82092|1.633|0.019|1.087
DATA=2453697.82757|1.657|0.019|1.097
DATA=2453697.83225|1.659|0.02|1.105
DATA=2453697.83889|1.647|0.021|1.118
DATA=2453697.84355|1.709|0.021|1.129
DATA=2453697.85286|1.776|0.022|1.152
DATA=2453697.85756|1.791|0.023|1.166
DATA=2453697.86419|1.747|0.022|1.186
DATA=2453697.87554|1.734|0.022|1.227
DATA=2453697.88021|1.753|0.023|1.247
DATA=2453697.88684|1.749|0.023|1.276
DATA=2453697.89151|1.709|0.023|1.299
DATA=2453697.89815|1.713|0.023|1.334
DATA=2453697.90284|1.67|0.023|1.361
DATA=2453697.90945|1.64|0.022|1.403
DATA=2453697.92073|1.617|0.023|1.484
DATA=2453697.92546|1.616|0.023|1.523
DATA=2453697.93211|1.624|0.023|1.582
DATA=2453697.93681|1.622|0.025|1.629
DATA=2453697.94341|1.643|0.025|1.7
DATA=2453697.94812|1.637|0.025|1.756
DATA=2453697.95472|1.65|0.026|1.842
ENDDATA
