STARTMETADATA
REVISEDDATA=FALSE
OBJECTNUMBER=12052
OBJECTNAME=Aretaon
MPCDESIG=1997 JB16
SESSIONDATE=2012-09-08
SESSIONTIME=07:19:00
CONTACTNAME=R. D. Stephens
CONTACTINFO=R. D. Stephens, 11355 Mount Johnson Court, Rancho Cucamonga, CA 91737
OBSERVERS=R. D. Stephens
OBSLONGITUDE=-116.383611
OBSLATITUDE=+34.291111
OBJECTRA=22:28
OBJECTDEC=+03
PHASE=+2.71
PABL=+340.9
PABB=+11.0
FILTER=C
MAGBAND=V
CICORRECTION=FALSE
CIBAND=NONE
CITARGET=+0.000
DIFFERMAGS=FALSE
MAGADJUST=0.0
STANDARD=INTERNAL
LTCAPP=NONE
LTCDAYS=-0.022894
LTCTYPE=NONE
REDUCEDMAGS=NONE
UCORMAG=-6.4658
PUBLICATION=
BIBCODE=
COMMENT=Heliocentric ecliptic longitude/latitude: +340.32/+12.25
COMMENT=Earth/Sun distances (AU): +4.9517/+3.9664
COMMENT=Observer Instrumentation: .30m F/8 SCT/SBIG STL-1001e
DELIMITER=PIPE
COMPNAME1=222830.11 +034043.1
COMPRA1=22:28:30.11
COMPDEC1=+03:40:43.0
COMPMAG1=+16.640
COMPCI1=+0.478
COMPNAME2=222827.98 +033709.5
COMPRA2=22:28:27.97
COMPDEC2=+03:37:09.5
COMPMAG2=+15.909
COMPCI2=+0.434
COMPNAME3=222823.86 +033558.5
COMPRA3=22:28:23.86
COMPDEC3=+03:35:58.5
COMPMAG3=+15.794
COMPCI3=+0.427
COMPNAME4=222839.78 +033054.9
COMPRA4=22:28:39.77
COMPDEC4=+03:30:54.8
COMPMAG4=+15.792
COMPCI4=+0.432
COMPNAME5=222855.51 +033719.0
COMPRA5=22:28:55.51
COMPDEC5=+03:37:19.0
COMPMAG5=+15.691
COMPCI5=+0.393
ENDMETADATA
DATA=2456178.654570|+17.554|+0.019|1.787
DATA=2456178.663185|+17.555|+0.018|1.686
DATA=2456178.667506|+17.585|+0.018|1.641
DATA=2456178.671817|+17.567|+0.018|1.600
DATA=2456178.676122|+17.572|+0.018|1.562
DATA=2456178.680433|+17.547|+0.018|1.526
DATA=2456178.684746|+17.555|+0.017|1.494
DATA=2456178.689056|+17.545|+0.017|1.463
DATA=2456178.693363|+17.559|+0.017|1.435
DATA=2456178.697672|+17.515|+0.017|1.409
DATA=2456178.701980|+17.533|+0.017|1.385
DATA=2456178.706305|+17.496|+0.016|1.362
DATA=2456178.710611|+17.515|+0.018|1.341
DATA=2456178.719220|+17.498|+0.016|1.304
DATA=2456178.758007|+17.439|+0.015|1.198
DATA=2456178.762311|+17.462|+0.016|1.191
DATA=2456178.766618|+17.448|+0.016|1.186
DATA=2456178.770933|+17.415|+0.016|1.181
DATA=2456178.775240|+17.438|+0.017|1.177
DATA=2456178.779545|+17.417|+0.016|1.174
DATA=2456178.788164|+17.424|+0.016|1.170
DATA=2456178.792500|+17.483|+0.017|1.169
DATA=2456178.796807|+17.429|+0.017|1.170
DATA=2456178.801112|+17.442|+0.017|1.171
DATA=2456178.805420|+17.506|+0.018|1.173
DATA=2456178.809723|+17.475|+0.017|1.175
DATA=2456178.814038|+17.487|+0.018|1.179
DATA=2456178.818342|+17.529|+0.018|1.183
DATA=2456178.822644|+17.526|+0.018|1.189
DATA=2456178.826949|+17.535|+0.019|1.195
DATA=2456178.831253|+17.580|+0.019|1.202
DATA=2456178.835575|+17.532|+0.019|1.210
DATA=2456178.844193|+17.582|+0.020|1.229
DATA=2456178.848499|+17.590|+0.020|1.241
DATA=2456178.852819|+17.633|+0.021|1.253
DATA=2456178.857121|+17.626|+0.021|1.266
DATA=2456178.861430|+17.591|+0.020|1.281
DATA=2456178.865734|+17.622|+0.021|1.297
DATA=2456178.870044|+17.551|+0.020|1.314
DATA=2456178.874360|+17.613|+0.021|1.333
DATA=2456178.878665|+17.559|+0.020|1.353
DATA=2456178.882969|+17.585|+0.021|1.374
DATA=2456178.887276|+17.552|+0.020|1.398
DATA=2456178.891585|+17.535|+0.020|1.423
DATA=2456178.895910|+17.537|+0.020|1.451
DATA=2456178.900218|+17.541|+0.021|1.480
DATA=2456178.904529|+17.523|+0.021|1.512
DATA=2456178.913139|+17.485|+0.021|1.583
DATA=2456178.917458|+17.487|+0.021|1.622
DATA=2456178.921762|+17.489|+0.022|1.666
DATA=2456178.926070|+17.511|+0.023|1.712
DATA=2456178.930380|+17.447|+0.022|1.763
DATA=2456178.934684|+17.476|+0.023|1.818
DATA=2456178.939022|+17.469|+0.023|1.878
DATA=2456178.943327|+17.486|+0.025|1.943
DATA=2456178.947636|+17.457|+0.025|2.015
DATA=2456178.951939|+17.468|+0.027|2.093
DATA=2456178.956242|+17.448|+0.030|2.179
ENDDATA
