STARTMETADATA
REVISEDDATA=FALSE
OBJECTNUMBER=54652
OBJECTNAME=2000 SZ344
MPCDESIG=2000 SZ344
SESSIONDATE=2011-08-20
SESSIONTIME=05:36:00
CONTACTNAME=R. D. Stephens
CONTACTINFO=R. D. Stephens, 11355 Mount Johnson Court, Rancho Cucamonga, CA 91737
OBSERVERS=R. D. Stephens
OBSLONGITUDE=-70.816667
OBSLATITUDE=-30.166667
OBJECTRA=22:15
OBJECTDEC=-22
PHASE=+2.25
PABL=+327.5
PABB=-9.9
FILTER=R
MAGBAND=R
CICORRECTION=FALSE
CIBAND=NONE
CITARGET=+0.000
DIFFERMAGS=FALSE
MAGADJUST=0.0
STANDARD=INTERNAL
LTCAPP=NONE
LTCDAYS=-0.022797
LTCTYPE=NONE
REDUCEDMAGS=NONE
UCORMAG=-6.4543
PUBLICATION=
BIBCODE=
COMMENT=Heliocentric ecliptic longitude/latitude: +327.63/-11.04
COMMENT=Earth/Sun distances (AU): +4.9466/+3.9497
COMMENT=Observer Instrumentation: CTIO 4-meter/Mosaic
DELIMITER=PIPE
COMPNAME1=X:482.3 / Y:1178.1
COMPRA1=
COMPDEC1=
COMPMAG1=+0.000
COMPCI1=+0.000
COMPNAME2=X:225.9 / Y:1366.2
COMPRA2=
COMPDEC2=
COMPMAG2=+0.000
COMPCI2=+0.000
COMPNAME3=X:535.4 / Y:1248.2
COMPRA3=
COMPDEC3=
COMPMAG3=+0.000
COMPCI3=+0.000
ENDMETADATA
DATA=2455793.579547|+0.524|+0.007|1.376
DATA=2455793.584003|+0.513|+0.007|1.345
DATA=2455793.588719|+0.525|+0.007|1.315
DATA=2455793.592935|+0.516|+0.007|1.290
DATA=2455793.598413|+0.536|+0.007|1.260
DATA=2455793.601154|+0.523|+0.006|1.246
DATA=2455793.603893|+0.507|+0.006|1.233
DATA=2455793.607825|+0.486|+0.006|1.214
DATA=2455793.611052|+0.481|+0.006|1.200
DATA=2455793.613792|+0.477|+0.006|1.188
DATA=2455793.616531|+0.474|+0.006|1.177
DATA=2455793.619272|+0.476|+0.006|1.167
DATA=2455793.622677|+0.472|+0.006|1.154
DATA=2455793.625414|+0.453|+0.006|1.144
DATA=2455793.665808|+0.480|+0.006|1.046
DATA=2455793.676742|+0.485|+0.007|1.030
DATA=2455793.679480|+0.502|+0.007|1.027
DATA=2455793.682219|+0.499|+0.007|1.024
DATA=2455793.694484|+0.510|+0.007|1.015
DATA=2455793.697360|+0.508|+0.007|1.013
DATA=2455793.700097|+0.499|+0.007|1.012
DATA=2455793.739317|+0.426|+0.007|1.022
DATA=2455793.742054|+0.423|+0.006|1.024
DATA=2455793.744793|+0.417|+0.006|1.027
DATA=2455793.748080|+0.423|+0.007|1.031
DATA=2455793.750817|+0.437|+0.007|1.034
DATA=2455793.753556|+0.440|+0.007|1.038
DATA=2455793.756583|+0.434|+0.007|1.043
DATA=2455793.759321|+0.468|+0.007|1.047
DATA=2455793.762060|+0.469|+0.007|1.051
DATA=2455793.765236|+0.460|+0.007|1.057
DATA=2455793.767973|+0.473|+0.007|1.062
DATA=2455793.770713|+0.469|+0.007|1.068
DATA=2455793.773583|+0.464|+0.007|1.074
DATA=2455793.776321|+0.461|+0.007|1.080
DATA=2455793.779061|+0.471|+0.007|1.087
DATA=2455793.782059|+0.466|+0.007|1.094
DATA=2455793.784797|+0.482|+0.007|1.101
DATA=2455793.787537|+0.476|+0.007|1.109
DATA=2455793.792339|+0.487|+0.007|1.123
DATA=2455793.795080|+0.512|+0.008|1.132
DATA=2455793.797817|+0.494|+0.007|1.141
DATA=2455793.801426|+0.504|+0.008|1.153
DATA=2455793.804164|+0.519|+0.008|1.163
DATA=2455793.806905|+0.523|+0.008|1.174
DATA=2455793.810164|+0.520|+0.008|1.187
DATA=2455793.812903|+0.515|+0.008|1.198
DATA=2455793.815643|+0.522|+0.008|1.211
DATA=2455793.820833|+0.511|+0.008|1.235
DATA=2455793.823572|+0.500|+0.008|1.248
DATA=2455793.826313|+0.517|+0.008|1.263
DATA=2455793.829411|+0.484|+0.008|1.279
DATA=2455793.832152|+0.492|+0.008|1.295
DATA=2455793.834891|+0.465|+0.008|1.311
DATA=2455793.837895|+0.458|+0.008|1.330
DATA=2455793.840635|+0.473|+0.008|1.348
DATA=2455793.843375|+0.475|+0.008|1.366
DATA=2455793.846559|+0.448|+0.008|1.389
DATA=2455793.849299|+0.447|+0.008|1.409
DATA=2455793.852039|+0.438|+0.008|1.430
DATA=2455793.855673|+0.432|+0.009|1.460
DATA=2455793.867211|+0.453|+0.010|1.568
DATA=2455793.869950|+0.429|+0.009|1.597
DATA=2455793.874050|+0.449|+0.009|1.642
DATA=2455793.876789|+0.464|+0.009|1.675
DATA=2455793.879530|+0.466|+0.009|1.709
DATA=2455793.883023|+0.477|+0.009|1.755
DATA=2455793.885763|+0.501|+0.010|1.794
DATA=2455793.888502|+0.508|+0.010|1.834
ENDDATA
