STARTMETADATA
REVISEDDATA=FALSE
OBJECTNUMBER=33679
OBJECTNAME=1999 JY107
MPCDESIG=1999 JY107
SESSIONDATE=2011-04-11
SESSIONTIME=07:00:00
CONTACTNAME=B. D. Warner
CONTACTINFO=brian@MinorPlanetObserver.com
OBSERVERS=Warner, B.D.
OBSLONGITUDE=-104.750556
OBSLATITUDE=+39.092778
OBJECTRA=11:07
OBJECTDEC=+24
PHASE=+16.69
PABL=+166.5
PABB=+14.3
FILTER=C
MAGBAND=R
CICORRECTION=TRUE
CIBAND=VR
CITARGET=+0.450
DIFFERMAGS=FALSE
MAGADJUST=0.0
STANDARD=INTERNAL
LTCAPP=NONE
LTCDAYS=-0.009624
LTCTYPE=NONE
REDUCEDMAGS=NONE
UCORMAG=-3.0802
PUBLICATION=
BIBCODE=
COMMENT=Observer Instrumentation: 0.5m f/8.1 R/C/FLI 1001E
DELIMITER=PIPE
COMPNAME1=110708.21 +241056.6
COMPRA1=11:07:08.22
COMPDEC1=+24:10:56.5
COMPMAG1=16.868
COMPCI1=0.465
COMPNAME3=110716.15 +240438.4
COMPRA3=11:07:16.15
COMPDEC3=+24:04:38.2
COMPMAG3=16.159
COMPCI3=0.429
ENDMETADATA
DATA=2455662.70374|17.945|0.047|1.035
DATA=2455662.70671|18.013|0.051|1.036
DATA=2455662.70968|17.989|0.047|1.036
DATA=2455662.71563|18.024|0.049|1.038
DATA=2455662.7186|17.999|0.049|1.04
DATA=2455662.72158|17.974|0.047|1.041
DATA=2455662.72455|17.939|0.045|1.043
DATA=2455662.72753|17.965|0.047|1.046
DATA=2455662.7305|17.974|0.047|1.048
DATA=2455662.74222|18.026|0.051|1.061
DATA=2455662.7452|18.053|0.054|1.065
DATA=2455662.75411|18.048|0.053|1.079
DATA=2455662.76007|18.03|0.051|1.089
DATA=2455662.76305|18.056|0.053|1.095
DATA=2455662.76601|18.023|0.051|1.102
DATA=2455662.77483|18.085|0.056|1.122
DATA=2455662.77782|18.121|0.059|1.13
DATA=2455662.7808|18.113|0.059|1.138
DATA=2455662.78377|18.091|0.056|1.146
DATA=2455662.78674|18.077|0.056|1.155
DATA=2455662.79268|18.062|0.056|1.174
DATA=2455662.79567|18.071|0.059|1.184
DATA=2455662.79864|18.089|0.059|1.195
DATA=2455662.81273|18.069|0.059|1.253
DATA=2455662.81868|18.04|0.056|1.281
DATA=2455662.82761|18.056|0.056|1.328
DATA=2455662.8306|18.054|0.056|1.345
DATA=2455662.83356|18.116|0.059|1.363
DATA=2455662.83653|18.094|0.059|1.381
DATA=2455662.84414|18.124|0.062|1.433
DATA=2455662.84713|18.113|0.062|1.455
DATA=2455662.85308|18.198|0.066|1.502
DATA=2455662.85606|18.15|0.066|1.527
ENDDATA
