STARTMETADATA
REVISEDDATA=FALSE
OBJECTNUMBER=70927
OBJECTNAME=1999 VX210
MPCDESIG=1999 VX210
SESSIONDATE=2012-11-07
SESSIONTIME=07:00:00
CONTACTNAME=B. D. Warner
CONTACTINFO=brian@MinorPlanetObserver.com
OBSERVERS=B. D. Warner
OBSLONGITUDE=-104.750556
OBSLATITUDE=+39.092778
OBJECTRA=02:21
OBJECTDEC=+20
PHASE=+3.05
PABL=+40.7
PABB=+4.6
FILTER=C
MAGBAND=V
CICORRECTION=TRUE
CIBAND=VR
CITARGET=+0.450
DIFFERMAGS=FALSE
MAGADJUST=0.0
STANDARD=INTERNAL
LTCAPP=NONE
LTCDAYS=-0.009085
LTCTYPE=NONE
REDUCEDMAGS=NONE
UCORMAG=-3.0255
PUBLICATION=
BIBCODE=
COMMENT=Unless otherwise stated, the long/lat are for the observer location
DELIMITER=PIPE
COMPNAME1=022105.91 +202141.0
COMPRA1=02:21:05.92
COMPDEC1=+20:21:40.7
COMPMAG1=14.967
COMPCI1=0.398
COMPNAME2=022107.74 +202112.1
COMPRA2=02:21:07.74
COMPDEC2=+20:21:12.0
COMPMAG2=14.972
COMPCI2=0.509
COMPNAME3=022117.78 +202255.6
COMPRA3=02:21:17.75
COMPDEC3=+20:22:55.3
COMPMAG3=13.994
COMPCI3=0.389
COMPNAME4=022126.99 +202210.0
COMPRA4=02:21:26.99
COMPDEC4=+20:22:09.7
COMPMAG4=15.4
COMPCI4=0.467
COMPNAME5=022140.83 +201800.4
COMPRA5=02:21:40.84
COMPDEC5=+20:18:00.4
COMPMAG5=14.286
COMPCI5=0.373
ENDMETADATA
DATA=2456238.55095|18.755|0.181|2.461
DATA=2456238.55399|18.695|0.136|2.383
DATA=2456238.55703|18.628|0.136|2.31
DATA=2456238.56005|18.717|0.136|2.242
DATA=2456238.56308|18.552|0.109|2.178
DATA=2456238.56612|18.65|0.121|2.117
DATA=2456238.56915|18.586|0.109|2.061
DATA=2456238.57219|18.406|0.091|2.008
DATA=2456238.57523|18.537|0.109|1.957
DATA=2456238.57825|18.439|0.099|1.91
DATA=2456238.58664|18.541|0.099|1.792
DATA=2456238.58968|18.572|0.109|1.754
DATA=2456238.59577|18.518|0.099|1.683
DATA=2456238.59882|18.531|0.099|1.65
DATA=2456238.60187|18.367|0.084|1.618
DATA=2456238.6049|18.445|0.091|1.589
DATA=2456238.60793|18.486|0.091|1.56
DATA=2456238.61096|18.415|0.084|1.534
DATA=2456238.614|18.351|0.078|1.508
DATA=2456238.62183|18.546|0.099|1.447
DATA=2456238.62486|18.637|0.109|1.426
DATA=2456238.62788|18.564|0.099|1.405
DATA=2456238.63091|18.633|0.109|1.385
DATA=2456238.63394|18.639|0.109|1.367
DATA=2456238.63697|18.63|0.109|1.349
DATA=2456238.64001|18.755|0.109|1.331
DATA=2456238.64304|18.633|0.099|1.315
DATA=2456238.64609|18.725|0.121|1.299
DATA=2456238.64914|18.809|0.109|1.284
DATA=2456238.65784|19.059|0.136|1.245
DATA=2456238.66391|19.145|0.155|1.22
DATA=2456238.66696|19.035|0.136|1.209
DATA=2456238.66998|19.055|0.136|1.198
DATA=2456238.673|19.037|0.136|1.188
DATA=2456238.67605|19.029|0.136|1.178
DATA=2456238.67908|18.914|0.121|1.169
DATA=2456238.68213|18.882|0.121|1.16
DATA=2456238.68517|18.873|0.109|1.151
DATA=2456238.6931|18.694|0.091|1.131
DATA=2456238.69614|18.606|0.084|1.124
DATA=2456238.69918|18.638|0.091|1.118
DATA=2456238.70221|18.557|0.078|1.111
DATA=2456238.70525|18.599|0.084|1.106
DATA=2456238.70829|18.538|0.078|1.1
DATA=2456238.71133|18.535|0.078|1.095
DATA=2456238.72044|18.55|0.078|1.082
DATA=2456238.72815|18.455|0.078|1.073
DATA=2456238.73118|18.475|0.078|1.07
DATA=2456238.73423|18.431|0.072|1.067
DATA=2456238.73726|18.54|0.084|1.065
DATA=2456238.7403|18.593|0.091|1.063
DATA=2456238.74334|18.31|0.068|1.061
DATA=2456238.74638|18.488|0.078|1.06
DATA=2456238.74941|18.593|0.091|1.059
DATA=2456238.75244|18.488|0.084|1.058
DATA=2456238.75547|18.526|0.084|1.058
ENDDATA
