STARTMETADATA
REVISEDDATA=FALSE
OBJECTNUMBER=96253
OBJECTNAME=1995 BY1
MPCDESIG=1995 BY1
SESSIONDATE=2011-12-14
SESSIONTIME=07:00:00
CONTACTNAME=B. D. Warner
CONTACTINFO=brian@MinorPlanetObserver.com
OBSERVERS=B. D. Warner
OBSLONGITUDE=-104.750556
OBSLATITUDE=+39.092778
OBJECTRA=04:47
OBJECTDEC=+29
PHASE=+4.35
PABL=+75.7
PABB=+5.6
FILTER=C
MAGBAND=R
CICORRECTION=TRUE
CIBAND=VR
CITARGET=+0.450
DIFFERMAGS=FALSE
MAGADJUST=0.0
STANDARD=INTERNAL
LTCAPP=NONE
LTCDAYS=-0.007874
LTCTYPE=NONE
REDUCEDMAGS=NONE
UCORMAG=-2.5196
PUBLICATION=
BIBCODE=
COMMENT=Unless otherwise stated, the long/lat are for the observer location
DELIMITER=PIPE
COMPNAME1=044653.21 +293440.5
COMPRA1=04:46:53.22
COMPDEC1=+29:34:40.4
COMPMAG1=14.193
COMPCI1=0.468
COMPNAME2=044627.83 +293302.9
COMPRA2=04:46:27.83
COMPDEC2=+29:33:02.7
COMPMAG2=15.251
COMPCI2=0.448
COMPNAME3=044639.68 +292804.1
COMPRA3=04:46:39.67
COMPDEC3=+29:28:03.4
COMPMAG3=14.838
COMPCI3=0.415
COMPNAME4=044657.97 +293555.0
COMPRA4=04:46:57.96
COMPDEC4=+29:35:54.8
COMPMAG4=15.13
COMPCI4=0.487
COMPNAME5=044705.38 +293550.8
COMPRA5=04:47:05.37
COMPDEC5=+29:35:50.6
COMPMAG5=13.502
COMPCI5=0.434
ENDMETADATA
DATA=2455909.59674|18.334|0.121|1.53
DATA=2455909.60042|18.379|0.136|1.499
DATA=2455909.60411|18.215|0.109|1.47
DATA=2455909.60779|18.097|0.099|1.442
DATA=2455909.61148|18.039|0.091|1.416
DATA=2455909.61518|18.062|0.099|1.391
DATA=2455909.61888|18.122|0.109|1.367
DATA=2455909.62257|18.088|0.099|1.345
DATA=2455909.6263|18.182|0.121|1.324
DATA=2455909.63|18.396|0.136|1.303
DATA=2455909.64357|18.659|0.181|1.238
DATA=2455909.64728|18.429|0.155|1.222
DATA=2455909.651|18.42|0.155|1.206
DATA=2455909.65471|18.542|0.181|1.192
DATA=2455909.65842|18.395|0.155|1.179
DATA=2455909.66212|18.251|0.136|1.166
DATA=2455909.66586|18.212|0.181|1.153
ENDDATA
