STARTMETADATA
REVISEDDATA=FALSE
OBJECTNUMBER=57276
OBJECTNAME=2001 QP139
MPCDESIG=2001 QP139
SESSIONDATE=2011-11-01
SESSIONTIME=07:00:00
CONTACTNAME=B. D. Warner
CONTACTINFO=brian@MinorPlanetObserver.com
OBSERVERS=B. D. Warner
OBSLONGITUDE=-104.750556
OBSLATITUDE=+39.092778
OBJECTRA=02:02
OBJECTDEC=+28
PHASE=+5.95
PABL=+38.5
PABB=+12.3
FILTER=C
MAGBAND=R
CICORRECTION=TRUE
CIBAND=VR
CITARGET=+0.450
DIFFERMAGS=FALSE
MAGADJUST=0.0
STANDARD=INTERNAL
LTCAPP=NONE
LTCDAYS=-0.008990
LTCTYPE=NONE
REDUCEDMAGS=NONE
UCORMAG=-2.9765
PUBLICATION=
BIBCODE=
COMMENT=Unless otherwise stated, the long/lat are for the observer location
DELIMITER=PIPE
COMPNAME1=020216.54 +284138.3
COMPRA1=02:02:16.55
COMPDEC1=+28:41:38.1
COMPMAG1=14.162
COMPCI1=0.359
COMPNAME2=020209.09 +284200.9
COMPRA2=02:02:09.13
COMPDEC2=+28:42:00.9
COMPMAG2=15.101
COMPCI2=0.398
COMPNAME3=020224.30 +284102.8
COMPRA3=02:02:24.30
COMPDEC3=+28:41:02.8
COMPMAG3=13.879
COMPCI3=0.389
COMPNAME4=020245.17 +284137.2
COMPRA4=02:02:45.20
COMPDEC4=+28:41:37.1
COMPMAG4=14.069
COMPCI4=0.306
COMPNAME5=020241.03 +284035.1
COMPRA5=02:02:41.02
COMPDEC5=+28:40:35.1
COMPMAG5=14.437
COMPCI5=0.417
ENDMETADATA
DATA=2455866.55907|16.122|0.013|2.055
DATA=2455866.56275|16.102|0.012|1.993
DATA=2455866.56641|16.138|0.013|1.935
DATA=2455866.57008|16.118|0.013|1.881
DATA=2455866.57743|16.104|0.012|1.782
DATA=2455866.58478|16.12|0.012|1.695
DATA=2455866.58845|16.101|0.011|1.655
DATA=2455866.59668|16.07|0.011|1.574
DATA=2455866.60035|16.087|0.011|1.541
DATA=2455866.60404|16.119|0.011|1.509
DATA=2455866.6077|16.072|0.01|1.48
DATA=2455866.61138|16.11|0.01|1.451
DATA=2455866.61505|16.101|0.01|1.425
DATA=2455866.62608|16.07|0.009|1.353
DATA=2455866.62975|16.09|0.01|1.331
DATA=2455866.63834|16.088|0.009|1.285
DATA=2455866.642|16.107|0.01|1.267
DATA=2455866.64568|16.081|0.009|1.25
DATA=2455866.64936|16.105|0.009|1.233
DATA=2455866.65303|16.073|0.009|1.218
DATA=2455866.67985|16.093|0.009|1.126
DATA=2455866.68722|16.109|0.009|1.107
DATA=2455866.69088|16.065|0.008|1.098
DATA=2455866.69457|16.094|0.009|1.09
DATA=2455866.69823|16.085|0.008|1.082
DATA=2455866.70191|16.08|0.008|1.075
DATA=2455866.70558|16.061|0.008|1.068
DATA=2455866.71293|16.058|0.008|1.056
DATA=2455866.72144|16.109|0.008|1.045
DATA=2455866.7251|16.071|0.008|1.04
DATA=2455866.72876|16.074|0.008|1.036
DATA=2455866.73245|16.085|0.008|1.033
DATA=2455866.73613|16.066|0.008|1.03
DATA=2455866.73981|16.082|0.008|1.027
DATA=2455866.74349|16.068|0.008|1.024
DATA=2455866.74717|16.039|0.008|1.023
DATA=2455866.75085|16.038|0.008|1.021
DATA=2455866.75454|16.071|0.008|1.02
DATA=2455866.76312|16.034|0.008|1.019
DATA=2455866.77778|16.073|0.008|1.021
DATA=2455866.78146|16.069|0.008|1.023
DATA=2455866.78514|16.013|0.008|1.025
DATA=2455866.79248|16.019|0.008|1.03
DATA=2455866.80467|16.041|0.008|1.042
DATA=2455866.80834|16.009|0.008|1.047
DATA=2455866.81202|16.015|0.008|1.052
DATA=2455866.81569|16.064|0.009|1.057
DATA=2455866.81937|15.999|0.008|1.063
DATA=2455866.82672|16.027|0.008|1.076
DATA=2455866.83774|16.014|0.008|1.1
DATA=2455866.84627|16.007|0.008|1.121
DATA=2455866.84993|16.023|0.009|1.131
DATA=2455866.85362|16.066|0.009|1.142
DATA=2455866.85728|16.047|0.009|1.153
DATA=2455866.86096|16.003|0.009|1.165
DATA=2455866.88793|16.034|0.009|1.276
DATA=2455866.89159|16.037|0.009|1.295
DATA=2455866.89527|16.079|0.009|1.314
DATA=2455866.9063|16.081|0.01|1.38
DATA=2455866.91366|16.046|0.01|1.429
DATA=2455866.91733|16.02|0.01|1.456
DATA=2455866.92101|16.069|0.011|1.484
DATA=2455866.92959|16.039|0.01|1.557
DATA=2455866.93327|16.051|0.011|1.591
DATA=2455866.93695|16.119|0.012|1.627
DATA=2455866.94061|16.094|0.011|1.666
DATA=2455866.94429|16.09|0.011|1.706
DATA=2455866.94796|16.112|0.012|1.749
DATA=2455866.95164|16.086|0.012|1.795
DATA=2455866.95531|16.123|0.013|1.843
DATA=2455866.95899|16.126|0.013|1.895
DATA=2455866.96265|16.089|0.013|1.95
ENDDATA
