STARTMETADATA
REVISEDDATA=FALSE
OBJECTNUMBER=232691
OBJECTNAME=2004 AR1
MPCDESIG=2004 AR1
SESSIONDATE=2013-07-07
SESSIONTIME=14:00:00
CONTACTNAME=J. Oey
CONTACTINFO=J. Oey, 94 Rawson Pde. NSW 2780
OBSERVERS=J. Oey
OBSLONGITUDE=+150.341667
OBSLATITUDE=-33.706667
OBJECTRA=20:37
OBJECTDEC=-46
PHASE=+22.89
PABL=+293.7
PABB=-17.1
FILTER=C
MAGBAND=R
CICORRECTION=FALSE
CIBAND=NONE
CITARGET=+0.000
DIFFERMAGS=FALSE
MAGADJUST=0.0
STANDARD=INTERNAL
LTCAPP=NONE
LTCDAYS=-0.001963
LTCTYPE=NONE
REDUCEDMAGS=NONE
UCORMAG=+1.7365
PUBLICATION=
BIBCODE=
COMMENT=Observer Instrumentation: 0.61m f6.8 CDK/SBIG ST 8300
DELIMITER=PIPE
COMPNAME1=203720.38 -464759.5
COMPRA1=20:37:20.41
COMPDEC1=-46:47:59.6
COMPMAG1=15.153
COMPCI1=0.387
ENDMETADATA
DATA=2456481.16512|18.794|0.027|
DATA=2456481.16899|18.819|0.028|
DATA=2456481.17278|18.867|0.029|
DATA=2456481.17658|18.807|0.028|
DATA=2456481.18045|18.814|0.029|
DATA=2456481.19191|18.976|0.035|
DATA=2456481.19571|18.965|0.034|
DATA=2456481.19959|18.925|0.034|
DATA=2456481.20343|18.921|0.034|
DATA=2456481.20732|18.982|0.036|
DATA=2456481.21871|19.162|0.043|
DATA=2456481.22631|19.029|0.039|
DATA=2456481.23019|19.095|0.042|
DATA=2456481.23784|19.013|0.039|
DATA=2456481.24173|19.17|0.047|
DATA=2456481.24556|19.118|0.045|
DATA=2456481.24941|19.054|0.042|
DATA=2456481.25321|19.078|0.043|
DATA=2456481.25706|19.0|0.039|
DATA=2456481.26445|19.302|0.054|
DATA=2456481.28364|19.372|0.057|
DATA=2456481.28749|19.456|0.064|
DATA=2456481.29135|19.209|0.054|
DATA=2456481.29515|19.385|0.064|
DATA=2456481.29908|19.43|0.068|
ENDDATA
