STARTMETADATA
REVISEDDATA=FALSE
OBJECTNUMBER=42612
OBJECTNAME=1998 EL3
MPCDESIG=1998 EL3
SESSIONDATE=2011-01-03
SESSIONTIME=07:00:00
CONTACTNAME=B. D. Warner
CONTACTINFO=brian@MinorPlanetObserver.com
OBSERVERS=Warner, B.D.
OBSLONGITUDE=-104.750000
OBSLATITUDE=+39.083333
OBJECTRA=07:19
OBJECTDEC=+16
PHASE=+3.49
PABL=+107.7
PABB=-4.1
FILTER=C
MAGBAND=R
CICORRECTION=TRUE
CIBAND=VR
CITARGET=+0.450
DIFFERMAGS=FALSE
MAGADJUST=0.0
STANDARD=INTERNAL
LTCAPP=NONE
LTCDAYS=-0.008034
LTCTYPE=NONE
REDUCEDMAGS=NONE
UCORMAG=-2.5907
PUBLICATION=
BIBCODE=
COMMENT=Canopus MPC Contact1: CONTACT1
DELIMITER=PIPE
COMPNAME1=071951.13 +165351.3
COMPRA1=07:19:51.14
COMPDEC1=+16:53:51.2
COMPMAG1=12.878
COMPCI1=0.336
COMPNAME2=071947.52 +165317.6
COMPRA2=07:19:47.52
COMPDEC2=+16:53:17.7
COMPMAG2=13.883
COMPCI2=0.353
COMPNAME3=071953.67 +165527.3
COMPRA3=07:19:53.68
COMPDEC3=+16:55:27.7
COMPMAG3=14.099
COMPCI3=0.437
COMPNAME4=071935.49 +165513.4
COMPRA4=07:19:35.50
COMPDEC4=+16:55:13.4
COMPMAG4=13.447
COMPCI4=0.486
COMPNAME5=071936.60 +165222.1
COMPRA5=07:19:36.62
COMPDEC5=+16:52:22.0
COMPMAG5=13.657
COMPCI5=0.343
ENDMETADATA
DATA=2455564.62174|18.181|0.155|2.214
DATA=2455564.62765|18.069|0.091|2.096
DATA=2455564.63063|18.107|0.099|2.042
DATA=2455564.6336|18.035|0.091|1.991
DATA=2455564.64064|17.914|0.078|1.881
DATA=2455564.6466|17.912|0.078|1.799
DATA=2455564.64957|17.95|0.078|1.761
DATA=2455564.65255|17.849|0.072|1.725
DATA=2455564.65552|17.855|0.072|1.691
DATA=2455564.67779|18.064|0.078|1.485
DATA=2455564.68077|17.986|0.072|1.462
DATA=2455564.69266|18.046|0.072|1.383
DATA=2455564.69564|18.041|0.072|1.365
DATA=2455564.71466|18.123|0.078|1.27
DATA=2455564.71763|18.121|0.078|1.257
DATA=2455564.72062|18.13|0.078|1.245
DATA=2455564.7236|18.148|0.078|1.234
DATA=2455564.74888|18.24|0.084|1.157
DATA=2455564.75484|18.176|0.078|1.143
DATA=2455564.75782|18.222|0.078|1.137
DATA=2455564.76079|18.146|0.072|1.132
DATA=2455564.76376|18.106|0.084|1.126
DATA=2455564.78851|18.165|0.078|1.095
DATA=2455564.79148|18.172|0.072|1.093
DATA=2455564.79445|18.062|0.068|1.091
DATA=2455564.80041|18.027|0.064|1.088
DATA=2455564.80339|18.14|0.072|1.087
DATA=2455564.81041|18.163|0.078|1.086
DATA=2455564.81339|18.135|0.091|1.086
DATA=2455564.81636|18.121|0.078|1.087
DATA=2455564.82231|18.049|0.068|1.089
DATA=2455564.87808|18.093|0.078|1.17
DATA=2455564.88106|18.044|0.072|1.178
DATA=2455564.88403|18.013|0.068|1.187
DATA=2455564.88702|18.05|0.072|1.196
DATA=2455564.88999|18.06|0.072|1.205
DATA=2455564.89297|18.007|0.068|1.215
DATA=2455564.90486|18.1|0.078|1.26
DATA=2455564.91186|18.203|0.09|1.291
DATA=2455564.91483|18.263|0.099|1.305
DATA=2455564.91779|18.116|0.084|1.32
DATA=2455564.92374|18.173|0.09|1.351
DATA=2455564.92969|18.159|0.09|1.386
DATA=2455564.93269|18.154|0.084|1.405
DATA=2455564.96052|18.116|0.099|1.63
DATA=2455564.96647|18.191|0.109|1.694
DATA=2455564.96945|18.082|0.099|1.728
ENDDATA
