STARTMETADATA
REVISEDDATA=FALSE
OBJECTNUMBER=339
OBJECTNAME=Dorothea
MPCDESIG=1892 G
SESSIONDATE=2001-06-12
SESSIONTIME=00:00:00
CONTACTNAME=R. A. Koff
CONTACTINFO=bob@antelopehillsobservatory.org
OBSERVERS=Koff, R.A.
OBSLONGITUDE=-104.411111
OBSLATITUDE=+39.696667
OBJECTRA=00:00
OBJECTDEC=+00
PHASE=+11.12
PABL=+285.2
PABB=+11.9
FILTER=R
MAGBAND=R
CICORRECTION=FALSE
CIBAND=NONE
CITARGET=+0.000
DIFFERMAGS=TRUE
MAGADJUST=0.0
STANDARD=NONE
LTCAPP=NONE
LTCDAYS=-0.011001
LTCTYPE=NONE
REDUCEDMAGS=NONE
UCORMAG=-3.6493
PUBLICATION=
BIBCODE=
DELIMITER=PIPE
COMPNAME1=a
COMPRA1=
COMPDEC1=
COMPMAG1=0.0
COMPCI1=0.0
COMPNAME2=b
COMPRA2=
COMPDEC2=
COMPMAG2=0.0
COMPCI2=0.0
COMPNAME3=c
COMPRA3=
COMPDEC3=
COMPMAG3=0.0
COMPCI3=0.0
COMPNAME4=d
COMPRA4=
COMPDEC4=
COMPMAG4=0.0
COMPCI4=0.0
COMPNAME5=e
COMPRA5=
COMPDEC5=
COMPMAG5=0.0
COMPCI5=0.0
ENDMETADATA
DATA=2452072.76194|1.622|0.0|1.988
DATA=2452072.76348|1.588|0.0|1.969
DATA=2452072.76502|1.7|0.0|1.952
DATA=2452072.76755|1.536|0.0|1.924
DATA=2452072.76909|1.606|0.0|1.908
DATA=2452072.77063|1.336|0.0|1.892
DATA=2452072.77216|1.6|0.0|1.876
DATA=2452072.7737|1.546|0.0|1.862
DATA=2452072.77524|1.546|0.0|1.847
DATA=2452072.77679|1.534|0.0|1.833
DATA=2452072.77835|1.564|0.0|1.819
DATA=2452072.7799|1.502|0.0|1.806
DATA=2452072.78144|1.646|0.0|1.793
DATA=2452072.78298|1.546|0.0|1.78
DATA=2452072.78451|1.466|0.0|1.768
DATA=2452072.78605|1.472|0.0|1.756
DATA=2452072.78759|1.446|0.0|1.745
DATA=2452072.78913|1.37|0.0|1.734
DATA=2452072.79067|1.43|0.0|1.723
DATA=2452072.79222|1.392|0.0|1.713
DATA=2452072.83232|1.964|0.0|1.531
DATA=2452072.83388|2.054|0.0|1.527
DATA=2452072.83542|1.984|0.0|1.523
DATA=2452072.83696|1.994|0.0|1.519
DATA=2452072.8385|2.052|0.0|1.515
DATA=2452072.84004|2.096|0.0|1.512
DATA=2452072.84157|2.034|0.0|1.509
DATA=2452072.84311|2.102|0.0|1.506
DATA=2452072.84465|2.102|0.0|1.503
DATA=2452072.88939|1.74|0.0|1.491
DATA=2452072.89093|1.83|0.0|1.492
DATA=2452072.89247|1.676|0.0|1.495
DATA=2452072.89401|1.866|0.0|1.497
DATA=2452072.89554|1.81|0.0|1.499
DATA=2452072.89708|1.838|0.0|1.502
DATA=2452072.89862|1.916|0.0|1.505
DATA=2452072.90017|1.898|0.0|1.508
DATA=2452072.90171|1.946|0.0|1.511
DATA=2452072.90326|1.89|0.0|1.514
DATA=2452072.90482|1.908|0.0|1.518
DATA=2452072.90635|1.936|0.0|1.521
DATA=2452072.90789|1.886|0.0|1.525
DATA=2452072.90943|1.94|0.0|1.529
DATA=2452072.91097|1.872|0.0|1.534
DATA=2452072.91251|1.954|0.0|1.538
DATA=2452072.91405|2.01|0.0|1.543
DATA=2452072.91559|1.872|0.0|1.547
DATA=2452072.91715|2.012|0.0|1.552
DATA=2452072.91869|1.964|0.0|1.558
DATA=2452072.92023|2.138|0.0|1.563
DATA=2452072.92177|1.882|0.0|1.569
DATA=2452072.92331|2.196|0.0|1.574
DATA=2452072.92485|2.016|0.0|1.58
DATA=2452072.92639|1.988|0.0|1.587
DATA=2452072.92794|2.068|0.0|1.593
DATA=2452072.92948|2.05|0.0|1.6
DATA=2452072.93103|2.06|0.0|1.607
DATA=2452072.93258|2.224|0.0|1.614
DATA=2452072.93412|2.238|0.0|1.621
DATA=2452072.93566|2.156|0.0|1.629
DATA=2452072.9372|2.114|0.0|1.637
DATA=2452072.93875|2.154|0.0|1.645
DATA=2452072.94029|2.34|0.0|1.653
DATA=2452072.94183|2.024|0.0|1.662
DATA=2452072.94337|2.268|0.0|1.671
ENDDATA
