STARTMETADATA
REVISEDDATA=FALSE
OBJECTNUMBER=19131
OBJECTNAME=1988 CY3
MPCDESIG=1988 CY3
SESSIONDATE=2011-03-11
SESSIONTIME=07:00:00
CONTACTNAME=B. D. Warner
CONTACTINFO=brian@MinorPlanetObserver.com
OBSERVERS=Warner, B.D.
OBSLONGITUDE=-104.750556
OBSLATITUDE=+39.092778
OBJECTRA=09:55
OBJECTDEC=+00
PHASE=+7.35
PABL=+154.2
PABB=-9.9
FILTER=C
MAGBAND=R
CICORRECTION=TRUE
CIBAND=VR
CITARGET=+0.450
DIFFERMAGS=FALSE
MAGADJUST=0.0
STANDARD=INTERNAL
LTCAPP=NONE
LTCDAYS=-0.011662
LTCTYPE=NONE
REDUCEDMAGS=NONE
UCORMAG=-3.8857
PUBLICATION=
BIBCODE=
COMMENT=Observer Instrumentation: 0.30m f/6.25 SCT/ST-9XE
DELIMITER=PIPE
COMPNAME1=095508.78 +001333.0
COMPRA1=09:55:08.76
COMPDEC1=+00:13:34.1
COMPMAG1=13.787
COMPCI1=0.432
COMPNAME2=095505.59 +001152.1
COMPRA2=09:55:05.55
COMPDEC2=+00:11:53.6
COMPMAG2=14.871
COMPCI2=0.429
COMPNAME3=095506.61 +001430.5
COMPRA3=09:55:06.67
COMPDEC3=+00:14:30.3
COMPMAG3=14.676
COMPCI3=0.444
COMPNAME4=095455.13 +000900.8
COMPRA4=09:54:55.18
COMPDEC4=+00:09:00.8
COMPMAG4=14.364
COMPCI4=0.456
COMPNAME5=095452.37 +001014.6
COMPRA5=09:54:52.37
COMPDEC5=+00:10:15.1
COMPMAG5=14.815
COMPCI5=0.373
ENDMETADATA
DATA=2455631.6057|18.307|0.136|1.886
DATA=2455631.60798|18.401|0.155|1.857
DATA=2455631.61027|18.497|0.181|1.83
DATA=2455631.61255|18.551|0.217|1.804
DATA=2455631.61484|18.508|0.272|1.779
DATA=2455631.62169|18.788|0.272|1.711
DATA=2455631.62398|18.686|0.217|1.689
DATA=2455631.62626|18.773|0.272|1.669
DATA=2455631.63311|18.67|0.217|1.613
DATA=2455631.63539|18.538|0.217|1.596
DATA=2455631.63767|18.554|0.155|1.58
DATA=2455631.64419|18.335|0.121|1.536
DATA=2455631.64647|18.321|0.109|1.522
DATA=2455631.64875|18.216|0.099|1.509
DATA=2455631.65103|18.198|0.099|1.496
DATA=2455631.6533|18.251|0.099|1.483
DATA=2455631.65787|18.332|0.109|1.46
DATA=2455631.66242|18.338|0.109|1.439
DATA=2455631.66471|18.462|0.121|1.428
DATA=2455631.667|18.386|0.109|1.419
DATA=2455631.66929|18.432|0.121|1.409
DATA=2455631.67614|18.323|0.109|1.384
DATA=2455631.68216|18.381|0.109|1.365
DATA=2455631.68444|18.449|0.121|1.358
DATA=2455631.68672|18.502|0.121|1.352
DATA=2455631.689|18.471|0.121|1.346
DATA=2455631.69358|18.559|0.121|1.334
DATA=2455631.69814|18.611|0.136|1.325
DATA=2455631.70498|18.549|0.136|1.312
DATA=2455631.70726|18.411|0.121|1.309
DATA=2455631.70954|18.488|0.121|1.305
DATA=2455631.71181|18.316|0.109|1.302
DATA=2455631.71409|18.444|0.121|1.299
DATA=2455631.72295|18.237|0.136|1.292
DATA=2455631.72523|18.234|0.136|1.29
DATA=2455631.72752|18.215|0.136|1.289
DATA=2455631.7298|18.386|0.272|1.288
DATA=2455631.73436|18.64|0.181|1.287
DATA=2455631.73895|18.608|0.217|1.287
DATA=2455631.74123|18.697|0.181|1.288
DATA=2455631.74581|18.654|0.217|1.29
DATA=2455631.77579|18.198|0.217|1.329
ENDDATA
