STARTMETADATA
REVISEDDATA=FALSE
OBJECTNUMBER=40559
OBJECTNAME=1999 RO118
MPCDESIG=1999 RO118
SESSIONDATE=2006-08-19
SESSIONTIME=14:38:16
CONTACTNAME=D. Higgins
CONTACTINFO=higginsdj@bigpond.com
OBSERVERS=Higgins, D.
OBSLONGITUDE=+129.100000
OBSLATITUDE=-35.150000
OBJECTRA=22:27
OBJECTDEC=-03
PHASE=+5.42
PABL=+334.9
PABB=+4.4
FILTER=C
MAGBAND=R
CICORRECTION=FALSE
CIBAND=NONE
CITARGET=+0.000
DIFFERMAGS=TRUE
MAGADJUST=0.0
STANDARD=NONE
LTCAPP=NONE
LTCDAYS=-0.007379
LTCTYPE=NONE
REDUCEDMAGS=NONE
UCORMAG=-2.3207
PUBLICATION=
BIBCODE=
DELIMITER=PIPE
COMPNAME1=Comp1
COMPRA1=
COMPDEC1=
COMPMAG1=0.0
COMPCI1=0.0
COMPNAME2=Comp2
COMPRA2=
COMPDEC2=
COMPMAG2=0.0
COMPCI2=0.0
COMPNAME3=Comp3
COMPRA3=
COMPDEC3=
COMPMAG3=0.0
COMPCI3=0.0
COMPNAME4=Comp4
COMPRA4=
COMPDEC4=
COMPMAG4=0.0
COMPCI4=0.0
COMPNAME5=Comp5
COMPRA5=
COMPDEC5=
COMPMAG5=0.0
COMPCI5=0.0
ENDMETADATA
DATA=2453966.94328|3.438|0.072|0.0
DATA=2453966.94636|3.405|0.06|0.0
DATA=2453966.98172|3.45|0.054|0.0
DATA=2453966.98558|3.506|0.057|0.0
DATA=2453966.99801|3.45|0.054|0.0
DATA=2453967.0011|3.549|0.057|0.0
DATA=2453967.01322|3.535|0.054|0.0
DATA=2453967.01701|3.596|0.057|0.0
DATA=2453967.029|3.406|0.047|0.0
DATA=2453967.0321|3.448|0.047|0.0
DATA=2453967.04429|3.521|0.049|0.0
DATA=2453967.04739|3.518|0.049|0.0
DATA=2453967.05956|3.435|0.045|0.0
DATA=2453967.06364|3.33|0.04|0.0
DATA=2453967.07565|3.522|0.049|0.0
DATA=2453967.07875|3.517|0.049|0.0
DATA=2453967.09216|3.643|0.054|0.0
DATA=2453967.09619|3.571|0.054|0.0
DATA=2453967.10816|3.525|0.049|0.0
DATA=2453967.11126|3.515|0.049|0.0
DATA=2453967.12308|3.496|0.047|0.0
DATA=2453967.12617|3.461|0.045|0.0
DATA=2453967.13842|3.429|0.043|0.0
DATA=2453967.14243|3.387|0.043|0.0
DATA=2453967.15453|3.47|0.045|0.0
DATA=2453967.15764|3.473|0.047|0.0
DATA=2453967.16966|3.567|0.054|0.0
DATA=2453967.17275|3.528|0.049|0.0
DATA=2453967.18497|3.498|0.049|0.0
DATA=2453967.18942|3.448|0.049|0.0
DATA=2453967.22151|3.485|0.054|0.0
DATA=2453967.22463|3.569|0.06|0.0
DATA=2453967.23649|3.455|0.068|0.0
DATA=2453967.2396|3.327|0.09|0.0
DATA=2453967.25168|3.339|0.068|0.0
DATA=2453967.25617|3.334|0.136|0.0
DATA=2453967.26467|3.297|0.109|0.0
DATA=2453967.2687|3.299|0.09|0.0
DATA=2453967.27247|3.463|0.099|0.0
DATA=2453967.27556|3.51|0.109|0.0
DATA=2453967.2803|3.556|0.136|0.0
DATA=2453967.28339|3.422|0.121|0.0
DATA=2453967.28722|3.5|0.099|0.0
DATA=2453967.29131|3.666|0.155|0.0
ENDDATA
