STARTMETADATA
REVISEDDATA=FALSE
OBJECTNUMBER=266199
OBJECTNAME=2006 WH2
MPCDESIG=2006 WH2
SESSIONDATE=2011-01-11
SESSIONTIME=07:00:00
CONTACTNAME=B. D. Warner
CONTACTINFO=brian@MinorPlanetObserver.com
OBSERVERS=Warner, B.D.
OBSLONGITUDE=-104.750000
OBSLATITUDE=+39.083333
OBJECTRA=07:08
OBJECTDEC=+20
PHASE=+2.10
PABL=+106.9
PABB=-1.7
FILTER=C
MAGBAND=R
CICORRECTION=TRUE
CIBAND=VR
CITARGET=+0.450
DIFFERMAGS=FALSE
MAGADJUST=0.0
STANDARD=INTERNAL
LTCAPP=NONE
LTCDAYS=-0.007995
LTCTYPE=NONE
REDUCEDMAGS=NONE
UCORMAG=-2.5780
PUBLICATION=
BIBCODE=
COMMENT=Canopus MPC Contact1: CONTACT1
DELIMITER=PIPE
COMPNAME1=070832.48 +201511.0
COMPRA1=07:08:32.49
COMPDEC1=+20:15:11.1
COMPMAG1=14.284
COMPCI1=0.343
COMPNAME2=070836.67 +201444.8
COMPRA2=07:08:36.68
COMPDEC2=+20:14:44.7
COMPMAG2=14.61
COMPCI2=0.462
COMPNAME3=070839.33 +201420.2
COMPRA3=07:08:39.33
COMPDEC3=+20:14:20.2
COMPMAG3=14.918
COMPCI3=0.468
COMPNAME4=070839.06 +201650.8
COMPRA4=07:08:39.07
COMPDEC4=+20:16:50.9
COMPMAG4=14.496
COMPCI4=0.418
COMPNAME5=070820.94 +201406.4
COMPRA5=07:08:20.94
COMPDEC5=+20:14:06.4
COMPMAG5=15.311
COMPCI5=0.377
ENDMETADATA
DATA=2455572.60289|18.257|0.099|1.881
DATA=2455572.60582|18.168|0.099|1.839
DATA=2455572.62048|18.149|0.091|1.661
DATA=2455572.62342|18.25|0.099|1.63
DATA=2455572.62635|18.235|0.099|1.601
DATA=2455572.63931|18.337|0.109|1.487
DATA=2455572.65107|18.254|0.136|1.402
DATA=2455572.65778|18.362|0.099|1.36
DATA=2455572.66071|18.283|0.099|1.343
DATA=2455572.66364|18.246|0.091|1.326
DATA=2455572.66657|18.199|0.084|1.311
DATA=2455572.67537|18.275|0.099|1.268
DATA=2455572.68124|18.255|0.091|1.242
DATA=2455572.68418|18.314|0.099|1.23
DATA=2455572.69134|18.41|0.099|1.203
DATA=2455572.69427|18.371|0.099|1.193
DATA=2455572.6972|18.377|0.099|1.183
DATA=2455572.70014|18.33|0.099|1.174
DATA=2455572.70308|18.435|0.109|1.165
DATA=2455572.70601|18.476|0.109|1.156
DATA=2455572.70893|18.376|0.091|1.148
DATA=2455572.71186|18.423|0.099|1.141
DATA=2455572.71479|18.346|0.091|1.133
DATA=2455572.71773|18.479|0.099|1.127
DATA=2455572.72443|18.384|0.091|1.112
DATA=2455572.7303|18.516|0.109|1.101
DATA=2455572.73323|18.314|0.091|1.096
DATA=2455572.73616|18.456|0.099|1.092
DATA=2455572.73909|18.483|0.109|1.087
DATA=2455572.74203|18.532|0.109|1.083
DATA=2455572.74496|18.478|0.099|1.079
DATA=2455572.74789|18.384|0.091|1.076
DATA=2455572.76659|18.466|0.091|1.061
DATA=2455572.76952|18.544|0.099|1.06
DATA=2455572.77246|18.635|0.109|1.059
DATA=2455572.77834|18.615|0.109|1.058
DATA=2455572.78127|18.603|0.109|1.058
DATA=2455572.79116|18.525|0.099|1.059
DATA=2455572.79409|18.484|0.099|1.06
DATA=2455572.79702|18.481|0.099|1.061
DATA=2455572.79995|18.47|0.091|1.063
DATA=2455572.80288|18.481|0.099|1.065
DATA=2455572.80582|18.465|0.099|1.067
DATA=2455572.80875|18.618|0.109|1.07
DATA=2455572.81168|18.648|0.109|1.072
DATA=2455572.81461|18.614|0.109|1.076
DATA=2455572.81754|18.484|0.099|1.079
DATA=2455572.8676|18.53|0.109|1.189
DATA=2455572.87054|18.43|0.121|1.199
DATA=2455572.87347|18.568|0.109|1.21
DATA=2455572.87642|18.605|0.121|1.221
DATA=2455572.87936|18.542|0.109|1.233
DATA=2455572.88229|18.523|0.109|1.245
DATA=2455572.90087|18.453|0.109|1.335
DATA=2455572.9038|18.411|0.099|1.352
DATA=2455572.90674|18.477|0.109|1.37
DATA=2455572.91849|18.376|0.109|1.448
ENDDATA
