STARTMETADATA
REVISEDDATA=FALSE
OBJECTNUMBER=33203
OBJECTNAME=1998 FA57
MPCDESIG=1998 FA57
SESSIONDATE=2010-09-15
SESSIONTIME=07:00:00
CONTACTNAME=B. D. Warner
CONTACTINFO=brian@MinorPlanetObserver.com
OBSERVERS=Warner, B.D.
OBSLONGITUDE=-104.750000
OBSLATITUDE=+39.083333
OBJECTRA=00:40
OBJECTDEC=+03
PHASE=+6.27
PABL=+7.6
PABB=-0.5
FILTER=C
MAGBAND=R
CICORRECTION=TRUE
CIBAND=VR
CITARGET=+0.450
DIFFERMAGS=FALSE
MAGADJUST=0.0
STANDARD=INTERNAL
LTCAPP=NONE
LTCDAYS=-0.011306
LTCTYPE=NONE
REDUCEDMAGS=NONE
UCORMAG=-3.7940
PUBLICATION=
BIBCODE=
DELIMITER=PIPE
COMPNAME1=004024.36 +034816.2
COMPRA1=00:40:24.37
COMPDEC1=+03:48:16.3
COMPMAG1=15.574
COMPCI1=0.478
COMPNAME2=004026.84 +034846.5
COMPRA2=00:40:26.83
COMPDEC2=+03:48:46.6
COMPMAG2=15.708
COMPCI2=0.473
COMPNAME3=004027.14 +034908.2
COMPRA3=00:40:27.16
COMPDEC3=+03:49:08.4
COMPMAG3=15.23
COMPCI3=0.434
COMPNAME4=004030.04 +035231.3
COMPRA4=00:40:30.02
COMPDEC4=+03:52:31.3
COMPMAG4=14.842
COMPCI4=0.451
COMPNAME5=004033.79 +035204.0
COMPRA5=00:40:33.80
COMPDEC5=+03:52:03.9
COMPMAG5=14.101
COMPCI5=0.386
ENDMETADATA
DATA=2455454.66941|18.334|0.109|2.351
DATA=2455454.67242|18.32|0.109|2.283
DATA=2455454.67843|18.351|0.109|2.162
DATA=2455454.68145|18.397|0.109|2.106
DATA=2455454.68447|18.278|0.099|2.054
DATA=2455454.68748|18.375|0.099|2.006
DATA=2455454.6905|18.339|0.099|1.96
DATA=2455454.6935|18.368|0.099|1.917
DATA=2455454.70041|18.172|0.084|1.827
DATA=2455454.70343|18.298|0.091|1.791
DATA=2455454.70644|18.161|0.078|1.757
DATA=2455454.70944|18.208|0.084|1.726
DATA=2455454.71244|18.246|0.084|1.696
DATA=2455454.71546|18.263|0.084|1.667
DATA=2455454.71847|18.291|0.084|1.64
DATA=2455454.72147|18.283|0.084|1.614
DATA=2455454.72449|18.343|0.084|1.59
DATA=2455454.72749|18.45|0.099|1.567
DATA=2455454.73441|18.456|0.091|1.518
DATA=2455454.73742|18.419|0.084|1.498
DATA=2455454.74045|18.435|0.084|1.48
DATA=2455454.74645|18.507|0.099|1.446
DATA=2455454.74946|18.542|0.099|1.43
DATA=2455454.8042|18.349|0.078|1.259
DATA=2455454.8072|18.412|0.084|1.255
DATA=2455454.81021|18.316|0.078|1.251
DATA=2455454.81622|18.3|0.078|1.245
DATA=2455454.81923|18.344|0.073|1.242
DATA=2455454.82222|18.341|0.073|1.24
DATA=2455454.82524|18.14|0.061|1.238
DATA=2455454.82823|18.171|0.061|1.237
DATA=2455454.83123|18.169|0.064|1.237
DATA=2455454.83788|18.203|0.068|1.236
DATA=2455454.84089|18.192|0.064|1.237
DATA=2455454.84389|18.238|0.068|1.238
DATA=2455454.84689|18.265|0.068|1.24
DATA=2455454.84989|18.344|0.078|1.242
DATA=2455454.85289|18.487|0.091|1.244
DATA=2455454.85589|18.417|0.084|1.247
DATA=2455454.85888|18.493|0.091|1.25
DATA=2455454.86188|18.417|0.078|1.254
DATA=2455454.86488|18.439|0.084|1.258
DATA=2455454.87178|18.337|0.078|1.269
DATA=2455454.87477|18.366|0.073|1.275
DATA=2455454.87777|18.389|0.078|1.281
DATA=2455454.88077|18.402|0.078|1.287
DATA=2455454.88376|18.432|0.084|1.294
DATA=2455454.88677|18.3|0.073|1.302
DATA=2455454.88978|18.394|0.078|1.31
DATA=2455454.89279|18.256|0.073|1.319
DATA=2455454.89879|18.269|0.078|1.339
DATA=2455454.92071|18.316|0.091|1.431
DATA=2455454.92372|18.403|0.099|1.447
DATA=2455454.92673|18.379|0.109|1.464
DATA=2455454.92973|18.358|0.109|1.482
DATA=2455454.93274|18.3|0.109|1.5
DATA=2455454.94273|18.368|0.136|1.569
DATA=2455454.94875|18.326|0.136|1.617
DATA=2455454.9668|18.315|0.121|1.796
ENDDATA
