STARTMETADATA
REVISEDDATA=FALSE
OBJECTNUMBER=14175
OBJECTNAME=1998 VO18
MPCDESIG=1998 VO18
SESSIONDATE=2007-05-26
SESSIONTIME=13:47:00
CONTACTNAME=J. Oey
CONTACTINFO=julianoey1@optusnet.com.au
OBSERVERS=Oey, J.
OBSLONGITUDE=+105.341667
OBSLATITUDE=-33.706667
OBJECTRA=15:00
OBJECTDEC=-24
PHASE=+4.84
PABL=+231.9
PABB=-6.2
FILTER=C
MAGBAND=R
CICORRECTION=FALSE
CIBAND=NONE
CITARGET=+0.000
DIFFERMAGS=TRUE
MAGADJUST=0.0
STANDARD=NONE
LTCAPP=NONE
LTCDAYS=-0.014270
LTCTYPE=NONE
REDUCEDMAGS=NONE
UCORMAG=-4.6576
PUBLICATION=
BIBCODE=
DELIMITER=PIPE
COMPNAME1=15 00.48 / -24 33.7
COMPRA1=
COMPDEC1=
COMPMAG1=0.0
COMPCI1=0.0
COMPNAME2=15 00.69 / -24 35.0
COMPRA2=
COMPDEC2=
COMPMAG2=0.0
COMPCI2=0.0
COMPNAME3=15 00.55 / -24 34.9
COMPRA3=
COMPDEC3=
COMPMAG3=0.0
COMPCI3=0.0
COMPNAME4=15 00.52 / -24 37.1
COMPRA4=
COMPDEC4=
COMPMAG4=0.0
COMPCI4=0.0
COMPNAME5=15 00.61 / -24 38.7
COMPRA5=
COMPDEC5=
COMPMAG5=0.0
COMPCI5=0.0
ENDMETADATA
DATA=2454247.08742|2.343|0.046|1.066
DATA=2454247.09112|2.406|0.048|1.074
DATA=2454247.09477|2.427|0.05|1.081
DATA=2454247.09843|2.469|0.052|1.09
DATA=2454247.10207|2.48|0.052|1.099
DATA=2454247.10578|2.422|0.05|1.108
DATA=2454247.10943|2.417|0.05|1.118
DATA=2454247.1131|2.507|0.055|1.129
DATA=2454247.11676|2.458|0.05|1.141
DATA=2454247.12045|2.525|0.055|1.153
DATA=2454247.12413|2.434|0.05|1.166
DATA=2454247.12784|2.335|0.044|1.18
DATA=2454247.13153|2.396|0.046|1.194
DATA=2454247.13523|2.368|0.044|1.21
DATA=2454247.13893|2.367|0.044|1.226
DATA=2454247.14258|2.344|0.046|1.243
DATA=2454247.14628|2.419|0.046|1.261
DATA=2454247.14994|2.386|0.046|1.28
DATA=2454247.15359|2.407|0.05|1.301
DATA=2454247.15728|2.295|0.041|1.322
DATA=2454247.16108|2.355|0.042|1.345
DATA=2454247.16479|2.37|0.044|1.37
DATA=2454247.16845|2.347|0.041|1.395
DATA=2454247.1721|2.31|0.039|1.422
DATA=2454247.17576|2.354|0.041|1.45
DATA=2454247.18131|2.479|0.044|1.496
DATA=2454247.18497|2.427|0.042|1.529
DATA=2454247.1887|2.395|0.042|1.564
DATA=2454247.19237|2.58|0.052|1.602
DATA=2454247.19616|2.492|0.048|1.642
DATA=2454247.19981|2.371|0.042|1.684
DATA=2454247.2035|2.39|0.044|1.73
DATA=2454247.20716|2.388|0.044|1.778
DATA=2454247.21095|2.405|0.046|1.831
DATA=2454247.21473|2.404|0.048|1.888
DATA=2454247.21839|2.419|0.05|1.947
DATA=2454247.22204|2.382|0.05|2.01
DATA=2454247.22569|2.411|0.055|2.078
DATA=2454247.22943|2.419|0.058|2.154
DATA=2454247.23317|2.357|0.058|2.236
DATA=2454247.23684|2.39|0.061|2.323
DATA=2454247.24052|2.413|0.058|2.418
DATA=2454247.24422|2.495|0.064|2.523
DATA=2454247.24787|2.418|0.068|2.635
DATA=2454247.25153|2.364|0.065|2.76
ENDDATA
