STARTMETADATA
REVISEDDATA=FALSE
OBJECTNUMBER=48596
OBJECTNAME=1994 VY6
MPCDESIG=1994 VY6
SESSIONDATE=2006-08-19
SESSIONTIME=13:27:49
CONTACTNAME=D. Higgins
CONTACTINFO=higginsdj@bigpond.com
OBSERVERS=Higgins, D.
OBSLONGITUDE=+129.100000
OBSLATITUDE=-35.150000
OBJECTRA=22:27
OBJECTDEC=-03
PHASE=+6.44
PABL=+334.4
PABB=+4.3
FILTER=C
MAGBAND=R
CICORRECTION=FALSE
CIBAND=NONE
CITARGET=+0.000
DIFFERMAGS=TRUE
MAGADJUST=0.0
STANDARD=NONE
LTCAPP=NONE
LTCDAYS=-0.005356
LTCTYPE=NONE
REDUCEDMAGS=NONE
UCORMAG=-1.2640
PUBLICATION=
BIBCODE=
DELIMITER=PIPE
COMPNAME1=Comp1
COMPRA1=
COMPDEC1=
COMPMAG1=0.0
COMPCI1=0.0
COMPNAME2=Comp2
COMPRA2=
COMPDEC2=
COMPMAG2=0.0
COMPCI2=0.0
COMPNAME3=Comp3
COMPRA3=
COMPDEC3=
COMPMAG3=0.0
COMPCI3=0.0
COMPNAME4=Comp4
COMPRA4=
COMPDEC4=
COMPMAG4=0.0
COMPCI4=0.0
COMPNAME5=Comp5
COMPRA5=
COMPDEC5=
COMPMAG5=0.0
COMPCI5=0.0
ENDMETADATA
DATA=2453966.94329|3.557|0.084|0.0
DATA=2453966.94637|3.5|0.072|0.0
DATA=2453966.98173|3.492|0.057|0.0
DATA=2453966.98558|3.57|0.06|0.0
DATA=2453966.99801|3.559|0.06|0.0
DATA=2453967.0011|3.539|0.057|0.0
DATA=2453967.01322|3.606|0.06|0.0
DATA=2453967.01702|3.586|0.057|0.0
DATA=2453967.02901|3.557|0.054|0.0
DATA=2453967.03211|3.591|0.054|0.0
DATA=2453967.0443|3.6|0.054|0.0
DATA=2453967.0474|3.573|0.054|0.0
DATA=2453967.05956|3.591|0.054|0.0
DATA=2453967.06365|3.571|0.054|0.0
DATA=2453967.07565|3.589|0.054|0.0
DATA=2453967.07875|3.641|0.057|0.0
DATA=2453967.09217|3.578|0.054|0.0
DATA=2453967.0962|3.613|0.054|0.0
DATA=2453967.10816|3.677|0.057|0.0
DATA=2453967.11127|3.64|0.057|0.0
DATA=2453967.12308|3.625|0.054|0.0
DATA=2453967.12617|3.641|0.054|0.0
DATA=2453967.13843|3.567|0.054|0.0
DATA=2453967.14243|3.616|0.054|0.0
DATA=2453967.15454|3.699|0.06|0.0
DATA=2453967.15764|3.642|0.057|0.0
DATA=2453967.16967|3.718|0.068|0.0
DATA=2453967.17276|3.665|0.057|0.0
DATA=2453967.18498|3.568|0.054|0.0
DATA=2453967.18942|3.561|0.057|0.0
ENDDATA
