STARTMETADATA
REVISEDDATA=FALSE
OBJECTNUMBER=33916
OBJECTNAME=2000 LF19
MPCDESIG=2000 LF19
SESSIONDATE=2007-08-05
SESSIONTIME=10:44:00
CONTACTNAME=J. Oey
CONTACTINFO=julianoey1@optusnet.com.au
OBSERVERS=Oey, J.
OBSLONGITUDE=+105.341667
OBSLATITUDE=-33.706667
OBJECTRA=20:47
OBJECTDEC=-02
PHASE=+8.95
PABL=+313.4
PABB=+10.8
FILTER=C
MAGBAND=R
CICORRECTION=FALSE
CIBAND=NONE
CITARGET=+0.000
DIFFERMAGS=TRUE
MAGADJUST=0.0
STANDARD=NONE
LTCAPP=NONE
LTCDAYS=-0.004154
LTCTYPE=NONE
REDUCEDMAGS=NONE
UCORMAG=-0.4622
PUBLICATION=
BIBCODE=
DELIMITER=PIPE
COMPNAME1=20 47.29 / - 2 05.8
COMPRA1=
COMPDEC1=
COMPMAG1=0.0
COMPCI1=0.0
COMPNAME2=20 47.31 / - 2 05.1
COMPRA2=
COMPDEC2=
COMPMAG2=0.0
COMPCI2=0.0
COMPNAME3=20 47.15 / - 2 03.5
COMPRA3=
COMPDEC3=
COMPMAG3=0.0
COMPCI3=0.0
COMPNAME4=20 47.20 / - 2 02.3
COMPRA4=
COMPDEC4=
COMPMAG4=0.0
COMPCI4=0.0
COMPNAME5=20 47.54 / - 2 03.3
COMPRA5=
COMPDEC5=
COMPMAG5=0.0
COMPCI5=0.0
ENDMETADATA
DATA=2454317.94958|1.26|0.008|1.671
DATA=2454317.9531|1.29|0.01|1.635
DATA=2454317.95662|1.297|0.01|1.601
DATA=2454317.96014|1.275|0.009|1.57
DATA=2454317.96367|1.34|0.01|1.541
DATA=2454317.96719|1.328|0.012|1.513
DATA=2454317.97071|1.342|0.008|1.487
DATA=2454317.97424|1.376|0.009|1.462
DATA=2454317.97776|1.389|0.01|1.439
DATA=2454317.98128|1.445|0.014|1.418
DATA=2454317.9848|1.44|0.013|1.397
DATA=2454317.98832|1.509|0.015|1.378
DATA=2454317.99184|1.516|0.011|1.36
DATA=2454317.99537|1.555|0.014|1.343
DATA=2454317.99889|1.614|0.017|1.328
DATA=2454318.00241|1.647|0.026|1.313
DATA=2454318.00593|1.615|0.028|1.299
DATA=2454318.00945|1.557|0.021|1.286
DATA=2454318.01298|1.509|0.024|1.274
DATA=2454318.0165|1.365|0.012|1.262
DATA=2454318.02002|1.322|0.011|1.252
DATA=2454318.02354|1.327|0.016|1.242
DATA=2454318.02706|1.273|0.008|1.233
DATA=2454318.03058|1.25|0.01|1.225
DATA=2454318.0341|1.26|0.009|1.217
DATA=2454318.03762|1.221|0.008|1.21
DATA=2454318.04114|1.239|0.007|1.204
DATA=2454318.04466|1.231|0.007|1.198
DATA=2454318.04818|1.216|0.007|1.193
DATA=2454318.0517|1.249|0.008|1.189
DATA=2454318.05522|1.24|0.007|1.185
DATA=2454318.05874|1.238|0.006|1.182
DATA=2454318.06226|1.263|0.008|1.179
DATA=2454318.06578|1.268|0.008|1.177
DATA=2454318.0693|1.315|0.009|1.176
DATA=2454318.07282|1.374|0.013|1.175
DATA=2454318.07634|1.412|0.012|1.174
DATA=2454318.07986|1.491|0.011|1.175
ENDDATA
