STARTMETADATA
REVISEDDATA=FALSE
OBJECTNUMBER=214736
OBJECTNAME=2006 TY38
MPCDESIG=2006 TY38
SESSIONDATE=2013-05-10
SESSIONTIME=14:00:00
CONTACTNAME=J. Oey
CONTACTINFO=J. Oey, 94 Rawson Pde. NSW 2780
OBSERVERS=J. Oey
OBSLONGITUDE=+150.341667
OBSLATITUDE=-33.706667
OBJECTRA=14:02
OBJECTDEC=-11
PHASE=+7.59
PABL=+216.3
PABB=+0.5
FILTER=C
MAGBAND=R
CICORRECTION=FALSE
CIBAND=NONE
CITARGET=+0.000
DIFFERMAGS=FALSE
MAGADJUST=0.0
STANDARD=INTERNAL
LTCAPP=NONE
LTCDAYS=-0.007468
LTCTYPE=NONE
REDUCEDMAGS=NONE
UCORMAG=-2.3472
PUBLICATION=
BIBCODE=
COMMENT=Observer Instrumentation: 0.35m f/5.9 SCT/SBIG ST-8XME
DELIMITER=PIPE
COMPNAME1=140156.59 -114610.3
COMPRA1=14:01:56.60
COMPDEC1=-11:46:10.3
COMPMAG1=14.935
COMPCI1=0.467
COMPNAME2=140209.80 -115146.6
COMPRA2=14:02:09.78
COMPDEC2=-11:51:46.3
COMPMAG2=15.013
COMPCI2=0.481
COMPNAME3=140201.41 -115007.3
COMPRA3=14:02:01.42
COMPDEC3=-11:50:07.1
COMPMAG3=14.23
COMPCI3=0.402
COMPNAME4=140158.57 -115202.4
COMPRA4=14:01:58.64
COMPDEC4=-11:52:01.2
COMPMAG4=15.634
COMPCI4=0.338
COMPNAME5=140210.74 -114649.2
COMPRA5=14:02:10.73
COMPDEC5=-11:46:49.0
COMPMAG5=15.044
COMPCI5=0.341
ENDMETADATA
DATA=2456423.10256|18.931|0.084|
DATA=2456423.1063|18.916|0.084|
DATA=2456423.11005|19.121|0.099|
DATA=2456423.11379|18.962|0.084|
DATA=2456423.11753|19.03|0.091|
DATA=2456423.12127|19.093|0.099|
DATA=2456423.12503|19.039|0.091|
DATA=2456423.12877|19.05|0.091|
DATA=2456423.13251|19.038|0.091|
DATA=2456423.13626|19.145|0.109|
DATA=2456423.14|19.019|0.091|
DATA=2456423.14374|19.175|0.109|
DATA=2456423.1477|18.989|0.091|
DATA=2456423.15144|18.955|0.099|
DATA=2456423.15519|19.172|0.121|
DATA=2456423.15893|19.167|0.121|
DATA=2456423.16268|19.131|0.121|
DATA=2456423.1664|19.093|0.109|
DATA=2456423.17015|19.027|0.109|
DATA=2456423.17389|18.791|0.084|
DATA=2456423.17763|18.828|0.091|
DATA=2456423.18138|18.959|0.099|
DATA=2456423.18512|19.023|0.109|
DATA=2456423.18887|19.124|0.121|
DATA=2456423.19262|19.27|0.136|
ENDDATA
