STARTMETADATA
REVISEDDATA=FALSE
OBJECTNUMBER=69836
OBJECTNAME=1998 SZ2
MPCDESIG=1998 SZ2
SESSIONDATE=2012-09-21
SESSIONTIME=05:26:00
CONTACTNAME=R. D. Stephens
CONTACTINFO=R. D. Stephens, 11355 Mount Johnson Court, Rancho Cucamonga, CA 91737
OBSERVERS=R. D. Stephens
OBSLONGITUDE=-70.816667
OBSLATITUDE=-30.166667
OBJECTRA=01:06
OBJECTDEC=-16
PHASE=+9.38
PABL=+6.5
PABB=-17.3
FILTER=R
MAGBAND=R
CICORRECTION=FALSE
CIBAND=NONE
CITARGET=+0.000
DIFFERMAGS=FALSE
MAGADJUST=0.0
STANDARD=INTERNAL
LTCAPP=NONE
LTCDAYS=-0.008791
LTCTYPE=NONE
REDUCEDMAGS=NONE
UCORMAG=-2.8817
PUBLICATION=
BIBCODE=
COMMENT=Heliocentric ecliptic longitude/latitude: +8.68/-21.50
COMMENT=Earth/Sun distances (AU): +2.4754/+1.5230
COMMENT=Observer Instrumentation: .35-m F/11 SCT/SBIG STL-1001e
DELIMITER=PIPE
COMPNAME1=010619.55 -161636.9
COMPRA1=01:06:19.54
COMPDEC1=-16:16:37.0
COMPMAG1=+13.749
COMPCI1=+0.374
COMPNAME2=010548.48 -161721.1
COMPRA2=01:05:48.50
COMPDEC2=-16:17:21.1
COMPMAG2=+13.790
COMPCI2=+0.324
COMPNAME3=010548.49 -161800.3
COMPRA3=01:05:48.47
COMPDEC3=-16:18:00.2
COMPMAG3=+14.410
COMPCI3=+0.489
COMPNAME4=010553.08 -160554.1
COMPRA4=01:05:53.11
COMPDEC4=-16:05:54.2
COMPMAG4=+14.946
COMPCI4=+0.367
ENDMETADATA
DATA=2456191.579573|+17.518|+0.016|1.736
DATA=2456191.582993|+17.517|+0.015|1.691
DATA=2456191.591785|+17.506|+0.016|1.590
DATA=2456191.595442|+17.551|+0.015|1.552
DATA=2456191.598862|+17.537|+0.014|1.519
DATA=2456191.602282|+17.498|+0.014|1.487
DATA=2456191.605702|+17.517|+0.014|1.458
DATA=2456191.609617|+17.559|+0.015|1.426
DATA=2456191.613037|+17.557|+0.016|1.400
DATA=2456191.616457|+17.521|+0.015|1.376
DATA=2456191.619876|+17.533|+0.015|1.352
DATA=2456191.623297|+17.549|+0.014|1.330
DATA=2456191.626717|+17.568|+0.015|1.310
DATA=2456191.700123|+17.475|+0.012|1.061
DATA=2456191.704022|+17.452|+0.012|1.055
DATA=2456191.707754|+17.471|+0.012|1.051
DATA=2456191.711174|+17.477|+0.012|1.047
DATA=2456191.714594|+17.446|+0.012|1.043
DATA=2456191.718308|+17.435|+0.011|1.040
DATA=2456191.721728|+17.431|+0.012|1.037
DATA=2456191.725148|+17.451|+0.012|1.035
DATA=2456191.728906|+17.454|+0.012|1.033
DATA=2456191.732325|+17.417|+0.011|1.032
DATA=2456191.735745|+17.449|+0.012|1.031
DATA=2456191.780510|+17.458|+0.012|1.059
DATA=2456191.794190|+17.493|+0.012|1.082
DATA=2456191.801030|+17.479|+0.012|1.097
DATA=2456191.804450|+17.443|+0.012|1.105
DATA=2456191.807870|+17.492|+0.013|1.114
DATA=2456191.821549|+17.504|+0.012|1.155
DATA=2456191.824968|+17.500|+0.012|1.167
DATA=2456191.828388|+17.445|+0.012|1.180
DATA=2456191.831808|+17.485|+0.013|1.193
DATA=2456191.835228|+17.451|+0.012|1.207
DATA=2456191.859544|+17.445|+0.012|1.334
DATA=2456191.862963|+17.518|+0.013|1.356
DATA=2456191.866383|+17.482|+0.012|1.380
DATA=2456191.869803|+17.496|+0.013|1.404
DATA=2456191.873223|+17.478|+0.013|1.431
ENDDATA
