STARTMETADATA
REVISEDDATA=FALSE
OBJECTNUMBER=1313
OBJECTNAME=Berna
MPCDESIG=1933 QG
SESSIONDATE=2004-02-15
SESSIONTIME=04:49:00
CONTACTNAME=R. I. Durkee
CONTACTINFO=russdurkee@earthlink.net
OBSERVERS=Durkee, R.I.
OBSLONGITUDE=-93.220000
OBSLATITUDE=+44.983333
OBJECTRA=06:59
OBJECTDEC=+22
PHASE=+15.49
PABL=+111.6
PABB=-0.2
FILTER=C
MAGBAND=R
CICORRECTION=FALSE
CIBAND=NONE
CITARGET=+0.000
DIFFERMAGS=TRUE
MAGADJUST=0.0
STANDARD=NONE
LTCAPP=NONE
LTCDAYS=-0.009518
LTCTYPE=NONE
REDUCEDMAGS=NONE
UCORMAG=-3.0524
PUBLICATION=
BIBCODE=
DELIMITER=PIPE
COMPNAME1=X:327.53/Y:106.49
COMPRA1=
COMPDEC1=
COMPMAG1=0.0
COMPCI1=0.0
COMPNAME2=X:470.28/Y:175.14
COMPRA2=
COMPDEC2=
COMPMAG2=0.0
COMPCI2=0.0
COMPNAME3=X:455.50/Y:276.68
COMPRA3=
COMPDEC3=
COMPMAG3=0.0
COMPCI3=0.0
ENDMETADATA
DATA=2453050.70191|1.041|0.0|1.13
DATA=2453050.70624|1.095|0.0|1.137
DATA=2453050.71056|1.054|0.0|1.146
DATA=2453050.71706|1.018|0.0|1.16
DATA=2453050.72139|0.976|0.0|1.171
DATA=2453050.72354|0.997|0.0|1.176
DATA=2453050.73255|1.075|0.0|1.201
DATA=2453050.7373|1.077|0.0|1.216
DATA=2453050.73947|1.062|0.0|1.223
DATA=2453050.74594|1.132|0.0|1.246
DATA=2453050.75026|1.157|0.0|1.262
DATA=2453050.75456|1.249|0.0|1.28
DATA=2453050.75889|1.28|0.0|1.298
DATA=2453050.77307|1.441|0.0|1.368
DATA=2453050.77737|1.554|0.0|1.393
DATA=2453050.78169|1.483|0.0|1.418
DATA=2453050.78383|1.641|0.0|1.432
DATA=2453050.78811|1.808|0.0|1.46
DATA=2453050.79244|1.808|0.0|1.49
DATA=2453050.79461|1.798|0.0|1.506
DATA=2453050.7989|1.628|0.0|1.539
DATA=2453050.80319|1.704|0.0|1.574
DATA=2453050.8075|1.641|0.0|1.612
DATA=2453050.81181|1.469|0.0|1.652
DATA=2453050.81396|1.544|0.0|1.673
DATA=2453050.81611|1.474|0.0|1.695
DATA=2453050.81828|1.41|0.0|1.717
DATA=2453050.82043|1.517|0.0|1.741
DATA=2453050.82259|1.356|0.0|1.765
ENDDATA
