STARTMETADATA
REVISEDDATA=FALSE
OBJECTNUMBER=3156
OBJECTNAME=Ellington
MPCDESIG=1953 EE
SESSIONDATE=2001-03-20
SESSIONTIME=07:00:00
CONTACTNAME=B. D. Warner
CONTACTINFO=brian@MinorPlanetObserver.com
OBSERVERS=Warner, B.D.
OBSLONGITUDE=+0.000000
OBSLATITUDE=+0.000000
OBJECTRA=
OBJECTDEC=
PHASE=+16.00
PABL=+148.7
PABB=+10.7
FILTER=C
MAGBAND=R
CICORRECTION=FALSE
CIBAND=NONE
CITARGET=+0.000
DIFFERMAGS=FALSE
MAGADJUST=0.0
STANDARD=INTERNAL
LTCAPP=NONE
LTCDAYS=-0.008715
LTCTYPE=NONE
REDUCEDMAGS=NONE
UCORMAG=-2.7561
PUBLICATION=
BIBCODE=
DELIMITER=PIPE
COMPNAME1=095120.59 +264514.7
COMPRA1=
COMPDEC1=
COMPMAG1=14.689
COMPCI1=0.0
COMPNAME2=095117.46 +264744.0
COMPRA2=
COMPDEC2=
COMPMAG2=14.875
COMPCI2=0.0
COMPNAME3=095056.57 +264423.6
COMPRA3=
COMPDEC3=
COMPMAG3=14.863
COMPCI3=0.0
COMPNAME4=095054.13 +264447.6
COMPRA4=
COMPDEC4=
COMPMAG4=14.605
COMPCI4=0.0
COMPNAME5=095125.13 +264249.2
COMPRA5=
COMPDEC5=
COMPMAG5=14.593
COMPCI5=0.0
ENDMETADATA
DATA=2451988.64361|14.89|0.031|1.088
DATA=2451988.65024|14.902|0.033|1.076
DATA=2451988.65688|14.853|0.028|1.064
DATA=2451988.66019|14.871|0.027|1.06
DATA=2451988.66347|14.886|0.028|1.055
DATA=2451988.66674|14.887|0.027|1.051
DATA=2451988.67666|14.905|0.029|1.04
DATA=2451988.67997|14.887|0.031|1.037
DATA=2451988.68325|14.892|0.027|1.035
DATA=2451988.68655|14.872|0.026|1.033
DATA=2451988.68985|14.855|0.026|1.031
DATA=2451988.69383|14.84|0.027|1.029
DATA=2451988.69713|14.839|0.026|1.028
DATA=2451988.70042|14.845|0.027|1.027
DATA=2451988.70369|14.84|0.029|1.026
DATA=2451988.707|14.819|0.028|1.026
DATA=2451988.7103|14.813|0.026|1.026
DATA=2451988.71359|14.846|0.025|1.027
DATA=2451988.7169|14.829|0.024|1.027
DATA=2451988.7202|14.822|0.024|1.028
DATA=2451988.7235|14.835|0.024|1.03
DATA=2451988.72678|14.847|0.024|1.032
DATA=2451988.73009|14.802|0.024|1.034
DATA=2451988.7334|14.823|0.025|1.036
DATA=2451988.73671|14.841|0.024|1.039
DATA=2451988.73999|14.855|0.024|1.042
DATA=2451988.74328|14.864|0.025|1.045
DATA=2451988.74656|14.847|0.024|1.049
DATA=2451988.74984|14.867|0.025|1.053
DATA=2451988.75425|14.844|0.024|1.059
DATA=2451988.75755|14.838|0.025|1.064
DATA=2451988.76086|14.838|0.024|1.069
DATA=2451988.76413|14.816|0.024|1.074
DATA=2451988.77405|14.876|0.025|1.094
DATA=2451988.77734|14.846|0.025|1.101
DATA=2451988.78063|14.841|0.026|1.109
DATA=2451988.78391|14.853|0.027|1.117
DATA=2451988.7872|14.871|0.025|1.125
DATA=2451988.79049|14.84|0.025|1.134
DATA=2451988.7938|14.847|0.026|1.144
DATA=2451988.79708|14.82|0.027|1.154
DATA=2451988.80037|14.841|0.027|1.165
DATA=2451988.80367|14.853|0.024|1.176
DATA=2451988.81571|14.851|0.026|1.221
DATA=2451988.81902|14.863|0.026|1.235
DATA=2451988.82232|14.899|0.027|1.25
DATA=2451988.82561|14.867|0.027|1.265
DATA=2451988.82891|14.883|0.027|1.281
DATA=2451988.8322|14.883|0.027|1.298
DATA=2451988.83548|14.832|0.029|1.316
DATA=2451988.83876|14.853|0.028|1.334
DATA=2451988.84205|14.858|0.027|1.353
DATA=2451988.84535|14.804|0.025|1.374
DATA=2451988.84863|14.807|0.026|1.395
ENDDATA
