STARTMETADATA
REVISEDDATA=FALSE
OBJECTNUMBER=141240
OBJECTNAME=2001 XQ252
MPCDESIG=2001 XQ252
SESSIONDATE=2011-08-21
SESSIONTIME=04:44:00
CONTACTNAME=R. D. Stephens
CONTACTINFO=R. D. Stephens, 11355 Mount Johnson Court, Rancho Cucamonga, CA 91737
OBSERVERS=R. D. Stephens
OBSLONGITUDE=-70.816667
OBSLATITUDE=-30.166667
OBJECTRA=22:34
OBJECTDEC=-08
PHASE=+2.88
PABL=+335.5
PABB=+0.3
FILTER=R
MAGBAND=R
CICORRECTION=FALSE
CIBAND=NONE
CITARGET=+0.000
DIFFERMAGS=FALSE
MAGADJUST=0.0
STANDARD=INTERNAL
LTCAPP=NONE
LTCDAYS=-0.012936
LTCTYPE=NONE
REDUCEDMAGS=NONE
UCORMAG=-4.3076
PUBLICATION=
BIBCODE=
COMMENT=Heliocentric ecliptic longitude/latitude: +336.91/+0.31
COMMENT=Earth/Sun distances (AU): +3.2438/+2.2411
COMMENT=Observer Instrumentation: CTIO 4-meter/Mosaic
DELIMITER=PIPE
COMPNAME1=223411.88 -084015.8
COMPRA1=
COMPDEC1=
COMPMAG1=+0.000
COMPCI1=+0.000
COMPNAME2=223414.58 -084138.8
COMPRA2=
COMPDEC2=
COMPMAG2=+0.000
COMPCI2=+0.000
COMPNAME3=223419.07 -084131.5
COMPRA3=
COMPDEC3=
COMPMAG3=+0.000
COMPCI3=+0.000
COMPNAME4=223406.04 -084317.9
COMPRA4=
COMPDEC4=
COMPMAG4=+0.000
COMPCI4=+0.000
COMPNAME5=223402.06 -084147.9
COMPRA5=
COMPDEC5=
COMPMAG5=+0.000
COMPCI5=+0.000
ENDMETADATA
DATA=2455794.575785|+1.992|+0.017|1.705
DATA=2455794.580579|+1.975|+0.016|1.648
DATA=2455794.583798|+2.001|+0.017|1.612
DATA=2455794.588024|+2.013|+0.017|1.569
DATA=2455794.591492|+2.008|+0.017|1.535
DATA=2455794.595604|+1.997|+0.017|1.498
DATA=2455794.598341|+1.979|+0.016|1.475
DATA=2455794.601081|+1.990|+0.016|1.453
DATA=2455794.605059|+2.007|+0.016|1.423
DATA=2455794.612000|+2.009|+0.016|1.375
DATA=2455794.614738|+2.003|+0.016|1.357
DATA=2455794.617478|+1.986|+0.016|1.341
DATA=2455794.621433|+2.006|+0.016|1.318
DATA=2455794.624170|+2.015|+0.016|1.303
DATA=2455794.626911|+1.998|+0.016|1.289
DATA=2455794.630187|+1.977|+0.016|1.273
DATA=2455794.632926|+2.002|+0.016|1.260
DATA=2455794.635667|+1.991|+0.016|1.247
DATA=2455794.639760|+2.042|+0.017|1.230
DATA=2455794.642500|+1.991|+0.016|1.219
DATA=2455794.649887|+2.025|+0.017|1.193
DATA=2455794.652625|+1.998|+0.016|1.184
DATA=2455794.655365|+2.048|+0.016|1.175
DATA=2455794.658466|+1.985|+0.015|1.166
DATA=2455794.661205|+1.997|+0.015|1.158
DATA=2455794.663946|+2.005|+0.015|1.151
DATA=2455794.668523|+2.015|+0.015|1.140
DATA=2455794.671262|+2.020|+0.015|1.133
DATA=2455794.674002|+2.047|+0.016|1.127
DATA=2455794.678818|+1.988|+0.015|1.118
DATA=2455794.681559|+2.006|+0.015|1.113
DATA=2455794.684300|+2.028|+0.016|1.109
DATA=2455794.687890|+2.016|+0.016|1.103
DATA=2455794.690630|+2.060|+0.016|1.100
DATA=2455794.702466|+2.039|+0.017|1.087
DATA=2455794.705665|+2.071|+0.017|1.085
DATA=2455794.708404|+2.054|+0.017|1.083
DATA=2455794.714486|+2.012|+0.017|1.080
DATA=2455794.717225|+2.060|+0.018|1.080
DATA=2455794.719965|+2.025|+0.017|1.079
DATA=2455794.723324|+2.062|+0.021|1.079
DATA=2455794.726061|+2.069|+0.025|1.079
DATA=2455794.728802|+2.090|+0.024|1.080
DATA=2455794.738150|+2.073|+0.048|1.084
DATA=2455794.767235|+2.107|+0.041|1.120
DATA=2455794.773661|+2.088|+0.046|1.133
DATA=2455794.777529|+2.096|+0.038|1.142
DATA=2455794.780676|+2.106|+0.039|1.149
DATA=2455794.783744|+2.113|+0.061|1.157
DATA=2455794.786855|+2.116|+0.048|1.166
DATA=2455794.790096|+2.094|+0.023|1.176
DATA=2455794.793119|+2.108|+0.025|1.185
DATA=2455794.796303|+2.092|+0.025|1.196
DATA=2455794.799397|+2.143|+0.038|1.207
DATA=2455794.802495|+2.094|+0.033|1.219
DATA=2455794.808792|+2.165|+0.041|1.244
DATA=2455794.812659|+2.103|+0.038|1.262
DATA=2455794.815633|+2.113|+0.061|1.276
DATA=2455794.818777|+2.127|+0.058|1.291
ENDDATA
