STARTMETADATA
REVISEDDATA=FALSE
OBJECTNUMBER=57083
OBJECTNAME=2001 OM31
MPCDESIG=2001 OM31
SESSIONDATE=2009-12-18
SESSIONTIME=15:00:00
CONTACTNAME=D. Higgins
CONTACTINFO=higginsdj@bigpond.com
OBSERVERS=Higgins, D.
OBSLONGITUDE=+129.100000
OBSLATITUDE=-35.150000
OBJECTRA=08:30
OBJECTDEC=-03
PHASE=+23.68
PABL=+119.3
PABB=-17.2
FILTER=C
MAGBAND=R
CICORRECTION=FALSE
CIBAND=NONE
CITARGET=+0.000
DIFFERMAGS=TRUE
MAGADJUST=0.0
STANDARD=NONE
LTCAPP=NONE
LTCDAYS=-0.005888
LTCTYPE=NONE
REDUCEDMAGS=NONE
UCORMAG=-1.3542
PUBLICATION=
BIBCODE=
DELIMITER=PIPE
COMPNAME1=X:735.3 / Y:298.0
COMPRA1=
COMPDEC1=
COMPMAG1=0.0
COMPCI1=0.0
COMPNAME2=X:745.5 / Y:316.3
COMPRA2=
COMPDEC2=
COMPMAG2=0.0
COMPCI2=0.0
COMPNAME3=X:744.3 / Y:348.5
COMPRA3=
COMPDEC3=
COMPMAG3=0.0
COMPCI3=0.0
COMPNAME4=X:555.9 / Y:150.0
COMPRA4=
COMPDEC4=
COMPMAG4=0.0
COMPCI4=0.0
COMPNAME5=X:557.0 / Y:77.7
COMPRA5=
COMPDEC5=
COMPMAG5=0.0
COMPCI5=0.0
ENDMETADATA
DATA=2455184.02758|2.838|0.027|1.934
DATA=2455184.03098|2.76|0.02|1.979
DATA=2455184.03443|2.813|0.017|2.028
DATA=2455184.0463|2.92|0.015|2.226
DATA=2455184.04969|3.065|0.016|2.293
DATA=2455184.05314|3.095|0.017|2.366
DATA=2455184.06543|3.148|0.017|2.681
DATA=2455184.06885|3.116|0.016|2.787
DATA=2455184.07226|3.13|0.016|2.903
DATA=2455184.08484|2.933|0.013|3.447
DATA=2455184.08823|2.886|0.013|3.635
DATA=2455184.09164|2.811|0.012|3.848
DATA=2455184.10414|2.734|0.011|4.915
DATA=2455184.10755|2.742|0.011|5.321
DATA=2455184.11095|2.812|0.011|5.8
DATA=2455184.12333|3.083|0.014|8.577
DATA=2455184.12674|3.157|0.015|9.806
DATA=2455184.13014|3.244|0.016|11.314
DATA=2455184.14285|3.175|0.015|0.0
DATA=2455184.14623|3.042|0.013|39.76
DATA=2455184.14964|2.946|0.012|56.99
DATA=2455184.16201|2.603|0.009|0.0
DATA=2455184.18154|2.779|0.011|0.0
DATA=2455184.18494|2.878|0.011|0.0
DATA=2455184.18835|2.907|0.012|0.0
DATA=2455184.20085|3.194|0.015|0.0
DATA=2455184.20424|3.202|0.015|0.0
DATA=2455184.20764|3.213|0.015|0.0
DATA=2455184.22002|3.13|0.014|0.0
DATA=2455184.22341|3.058|0.014|0.0
DATA=2455184.22682|2.989|0.014|0.0
DATA=2455184.2396|2.792|0.028|0.0
DATA=2455184.24299|2.806|0.038|0.0
ENDDATA
