STARTMETADATA
REVISEDDATA=FALSE
OBJECTNUMBER=32370
OBJECTNAME=2000 QY151
MPCDESIG=2000 QY151
SESSIONDATE=2011-08-21
SESSIONTIME=04:39:00
CONTACTNAME=R. D. Stephens
CONTACTINFO=R. D. Stephens, 11355 Mount Johnson Court, Rancho Cucamonga, CA 91737
OBSERVERS=R. D. Stephens
OBSLONGITUDE=-70.816667
OBSLATITUDE=-30.166667
OBJECTRA=22:34
OBJECTDEC=-08
PHASE=+1.94
PABL=+336.0
PABB=+0.3
FILTER=R
MAGBAND=R
CICORRECTION=FALSE
CIBAND=NONE
CITARGET=+0.000
DIFFERMAGS=FALSE
MAGADJUST=0.0
STANDARD=INTERNAL
LTCAPP=NONE
LTCDAYS=-0.022147
LTCTYPE=NONE
REDUCEDMAGS=NONE
UCORMAG=-6.3433
PUBLICATION=
BIBCODE=
COMMENT=Heliocentric ecliptic longitude/latitude: +336.94/+0.31
COMMENT=Earth/Sun distances (AU): +4.8381/+3.8369
COMMENT=Observer Instrumentation: CTIO 4-meter/Mosaic
DELIMITER=PIPE
COMPNAME1=X:145.6 / Y:825.5
COMPRA1=
COMPDEC1=
COMPMAG1=+0.000
COMPCI1=+0.000
COMPNAME2=X:313.4 / Y:716.3
COMPRA2=
COMPDEC2=
COMPMAG2=+0.000
COMPCI2=+0.000
COMPNAME3=X:116.1 / Y:1187.0
COMPRA3=
COMPDEC3=
COMPMAG3=+0.000
COMPCI3=+0.000
COMPNAME4=X:484.8 / Y:988.4
COMPRA4=
COMPDEC4=
COMPMAG4=+0.000
COMPCI4=+0.000
COMPNAME5=X:343.6 / Y:1186.2
COMPRA5=
COMPDEC5=
COMPMAG5=+0.000
COMPCI5=+0.000
ENDMETADATA
DATA=2455794.575785|+0.662|+0.006|1.705
DATA=2455794.583798|+0.674|+0.006|1.612
DATA=2455794.588024|+0.664|+0.006|1.569
DATA=2455794.591492|+0.636|+0.006|1.535
DATA=2455794.595604|+0.660|+0.006|1.498
DATA=2455794.598341|+0.642|+0.006|1.475
DATA=2455794.601081|+0.643|+0.006|1.453
DATA=2455794.605059|+0.640|+0.006|1.423
DATA=2455794.612000|+0.638|+0.006|1.375
DATA=2455794.614738|+0.643|+0.006|1.357
DATA=2455794.617478|+0.633|+0.006|1.341
DATA=2455794.621433|+0.635|+0.006|1.318
DATA=2455794.624170|+0.640|+0.006|1.303
DATA=2455794.626911|+0.646|+0.006|1.289
DATA=2455794.630187|+0.649|+0.006|1.273
DATA=2455794.632926|+0.655|+0.006|1.260
DATA=2455794.635667|+0.646|+0.006|1.247
DATA=2455794.639760|+0.644|+0.006|1.230
DATA=2455794.642500|+0.638|+0.006|1.219
DATA=2455794.645240|+0.658|+0.006|1.209
DATA=2455794.652625|+0.646|+0.006|1.184
DATA=2455794.655365|+0.638|+0.006|1.175
DATA=2455794.658466|+0.635|+0.006|1.166
DATA=2455794.661205|+0.636|+0.006|1.158
DATA=2455794.663946|+0.629|+0.006|1.151
DATA=2455794.668523|+0.620|+0.006|1.140
DATA=2455794.671262|+0.643|+0.006|1.133
DATA=2455794.674002|+0.626|+0.006|1.127
DATA=2455794.678818|+0.614|+0.006|1.118
DATA=2455794.681559|+0.616|+0.006|1.113
DATA=2455794.684300|+0.614|+0.006|1.109
DATA=2455794.687890|+0.621|+0.006|1.103
DATA=2455794.690630|+0.630|+0.006|1.100
DATA=2455794.693369|+0.627|+0.006|1.096
DATA=2455794.696986|+0.616|+0.006|1.092
DATA=2455794.699727|+0.625|+0.006|1.090
DATA=2455794.702466|+0.628|+0.006|1.087
DATA=2455794.705665|+0.627|+0.006|1.085
DATA=2455794.708404|+0.623|+0.006|1.083
DATA=2455794.711143|+0.625|+0.006|1.082
DATA=2455794.714486|+0.622|+0.006|1.080
DATA=2455794.717225|+0.631|+0.006|1.080
DATA=2455794.719965|+0.629|+0.006|1.079
DATA=2455794.723324|+0.634|+0.007|1.079
DATA=2455794.726061|+0.643|+0.009|1.079
DATA=2455794.728802|+0.638|+0.008|1.080
DATA=2455794.732674|+0.635|+0.010|1.081
DATA=2455794.735411|+0.633|+0.014|1.082
DATA=2455794.738150|+0.635|+0.016|1.084
DATA=2455794.741172|+0.649|+0.016|1.086
DATA=2455794.746649|+0.638|+0.026|1.091
DATA=2455794.750038|+0.650|+0.012|1.094
DATA=2455794.773661|+0.630|+0.015|1.133
DATA=2455794.780676|+0.617|+0.013|1.149
DATA=2455794.783744|+0.633|+0.020|1.157
DATA=2455794.790096|+0.602|+0.008|1.176
DATA=2455794.793119|+0.607|+0.008|1.185
DATA=2455794.796303|+0.617|+0.008|1.196
DATA=2455794.799397|+0.626|+0.012|1.207
DATA=2455794.802495|+0.619|+0.011|1.219
DATA=2455794.808792|+0.617|+0.012|1.244
DATA=2455794.812659|+0.621|+0.012|1.262
ENDDATA
