STARTMETADATA
REVISEDDATA=FALSE
OBJECTNUMBER=251268
OBJECTNAME=2006 WL15
MPCDESIG=2006 WL15
SESSIONDATE=2010-09-16
SESSIONTIME=07:00:00
CONTACTNAME=B. D. Warner
CONTACTINFO=brian@MinorPlanetObserver.com
OBSERVERS=Warner, B.D.
OBSLONGITUDE=-104.750000
OBSLATITUDE=+39.083333
OBJECTRA=00:38
OBJECTDEC=+03
PHASE=+8.94
PABL=+6.0
PABB=-0.2
FILTER=C
MAGBAND=R
CICORRECTION=TRUE
CIBAND=VR
CITARGET=+0.450
DIFFERMAGS=FALSE
MAGADJUST=0.0
STANDARD=INTERNAL
LTCAPP=NONE
LTCDAYS=-0.005430
LTCTYPE=NONE
REDUCEDMAGS=NONE
UCORMAG=-1.2884
PUBLICATION=
BIBCODE=
DELIMITER=PIPE
COMPNAME1=003856.17 +035417.3
COMPRA1=00:38:56.15
COMPDEC1=+03:54:16.9
COMPMAG1=14.887
COMPCI1=0.442
COMPNAME2=003907.76 +035735.5
COMPRA2=00:39:07.73
COMPDEC2=+03:57:35.6
COMPMAG2=14.851
COMPCI2=0.328
COMPNAME3=003859.48 +035842.8
COMPRA3=00:38:59.50
COMPDEC3=+03:58:42.5
COMPMAG3=15.016
COMPCI3=0.385
COMPNAME4=003920.42 +034902.8
COMPRA4=00:39:20.41
COMPDEC4=+03:49:02.8
COMPMAG4=14.711
COMPCI4=0.452
COMPNAME5=003936.83 +035448.5
COMPRA5=00:39:36.83
COMPDEC5=+03:54:48.4
COMPMAG5=15.409
COMPCI5=0.494
ENDMETADATA
DATA=2455455.75858|17.977|0.073|1.37
DATA=2455455.76158|17.92|0.068|1.358
DATA=2455455.76458|17.92|0.068|1.347
DATA=2455455.76758|18.005|0.073|1.336
DATA=2455455.77723|17.948|0.068|1.307
DATA=2455455.78025|17.928|0.068|1.299
DATA=2455455.78326|17.838|0.064|1.291
DATA=2455455.78628|17.919|0.073|1.284
DATA=2455455.808|17.978|0.073|1.249
DATA=2455455.82001|18.019|0.073|1.239
DATA=2455455.82301|17.94|0.068|1.238
DATA=2455455.82601|18.039|0.073|1.237
DATA=2455455.82903|17.907|0.064|1.236
DATA=2455455.83203|18.004|0.068|1.236
DATA=2455455.83504|18.017|0.073|1.237
DATA=2455455.84194|18.161|0.078|1.239
DATA=2455455.84493|18.061|0.073|1.241
DATA=2455455.84793|18.202|0.084|1.243
DATA=2455455.85095|18.168|0.084|1.246
DATA=2455455.85396|18.156|0.084|1.249
DATA=2455455.85697|18.181|0.091|1.253
DATA=2455455.85997|18.118|0.078|1.257
DATA=2455455.86298|18.049|0.121|1.261
DATA=2455455.86599|18.125|0.181|1.266
ENDDATA
