STARTMETADATA
REVISEDDATA=FALSE
OBJECTNUMBER=7681
OBJECTNAME=Chenjingrun
MPCDESIG=1996 YK2
SESSIONDATE=2008-04-10
SESSIONTIME=10:31:00
CONTACTNAME=J. Oey
CONTACTINFO=julianoey1@optusnet.com.au
OBSERVERS=Oey, J.
OBSLONGITUDE=+105.341667
OBSLATITUDE=-33.706667
OBJECTRA=12:07
OBJECTDEC=+00
PHASE=+8.87
PABL=+186.4
PABB=+0.0
FILTER=C
MAGBAND=R
CICORRECTION=FALSE
CIBAND=NONE
CITARGET=+0.000
DIFFERMAGS=TRUE
MAGADJUST=0.0
STANDARD=NONE
LTCAPP=NONE
LTCDAYS=-0.006472
LTCTYPE=NONE
REDUCEDMAGS=NONE
UCORMAG=-1.8541
PUBLICATION=
BIBCODE=
DELIMITER=PIPE
COMPNAME1=12 07.24 / - 0 45.0
COMPRA1=
COMPDEC1=
COMPMAG1=0.0
COMPCI1=0.0
COMPNAME2=12 07.34 / - 0 47.9
COMPRA2=
COMPDEC2=
COMPMAG2=0.0
COMPCI2=0.0
ENDMETADATA
DATA=2454566.94007|1.598|0.043|1.447
DATA=2454566.94363|1.767|0.048|1.426
DATA=2454566.94718|1.716|0.046|1.406
DATA=2454566.95074|1.77|0.05|1.388
DATA=2454566.95429|1.737|0.048|1.37
DATA=2454566.95784|1.79|0.05|1.354
DATA=2454566.96141|1.614|0.045|1.339
DATA=2454566.96496|1.832|0.055|1.325
DATA=2454566.96852|1.67|0.048|1.311
DATA=2454566.97208|1.762|0.053|1.299
DATA=2454566.97564|1.681|0.048|1.287
DATA=2454566.97919|1.756|0.053|1.277
DATA=2454566.98274|1.748|0.05|1.267
DATA=2454566.9863|1.733|0.05|1.258
DATA=2454566.98986|1.725|0.048|1.249
DATA=2454566.99341|1.765|0.05|1.242
DATA=2454566.99697|1.747|0.05|1.235
DATA=2454567.00053|1.704|0.048|1.228
DATA=2454567.00408|1.718|0.048|1.223
DATA=2454567.00764|1.723|0.048|1.218
DATA=2454567.0112|1.593|0.045|1.214
DATA=2454567.01475|1.735|0.048|1.21
DATA=2454567.01831|1.618|0.046|1.207
DATA=2454567.02187|1.698|0.048|1.205
DATA=2454567.02543|1.587|0.047|1.203
DATA=2454567.02899|1.661|0.048|1.202
DATA=2454567.05483|1.646|0.043|1.211
DATA=2454567.0584|1.617|0.043|1.215
DATA=2454567.06197|1.747|0.048|1.22
DATA=2454567.06553|1.645|0.045|1.225
DATA=2454567.07443|1.722|0.046|1.241
DATA=2454567.07803|1.741|0.048|1.248
DATA=2454567.08163|1.633|0.043|1.257
DATA=2454567.08523|1.806|0.05|1.266
DATA=2454567.08883|1.685|0.046|1.276
DATA=2454567.09243|1.721|0.046|1.287
DATA=2454567.09962|1.863|0.053|1.311
DATA=2454567.10321|1.74|0.048|1.324
DATA=2454567.10681|1.703|0.048|1.339
DATA=2454567.11041|1.828|0.053|1.354
DATA=2454567.11401|1.677|0.058|1.37
ENDDATA
