STARTMETADATA
REVISEDDATA=FALSE
OBJECTNUMBER=1843
OBJECTNAME=Jarmila
MPCDESIG=1972 AB
SESSIONDATE=2008-05-29
SESSIONTIME=14:00:00
CONTACTNAME=D. Higgins
CONTACTINFO=higginsdj@bigpond.com
OBSERVERS=Higgins, D.
OBSLONGITUDE=+129.100000
OBSLATITUDE=-35.150000
OBJECTRA=17:25
OBJECTDEC=-26
PHASE=+6.24
PABL=+259.3
PABB=-2.2
FILTER=C
MAGBAND=R
CICORRECTION=FALSE
CIBAND=NONE
CITARGET=+0.000
DIFFERMAGS=TRUE
MAGADJUST=0.0
STANDARD=NONE
LTCAPP=NONE
LTCDAYS=-0.007433
LTCTYPE=NONE
REDUCEDMAGS=NONE
UCORMAG=-2.3427
PUBLICATION=
BIBCODE=
DELIMITER=PIPE
COMPNAME1=17 25.92 / -26 05.0
COMPRA1=
COMPDEC1=
COMPMAG1=0.0
COMPCI1=0.0
COMPNAME2=17 25.90 / -26 05.2
COMPRA2=
COMPDEC2=
COMPMAG2=0.0
COMPCI2=0.0
COMPNAME3=17 26.07 / -26 06.0
COMPRA3=
COMPDEC3=
COMPMAG3=0.0
COMPCI3=0.0
COMPNAME4=17 25.64 / -26 07.0
COMPRA4=
COMPDEC4=
COMPMAG4=0.0
COMPCI4=0.0
COMPNAME5=17 25.49 / -26 02.9
COMPRA5=
COMPDEC5=
COMPMAG5=0.0
COMPCI5=0.0
ENDMETADATA
DATA=2454615.9097|0.738|0.008|2.406
DATA=2454615.91243|0.73|0.008|2.337
DATA=2454615.93843|0.775|0.007|1.847
DATA=2454615.94135|0.792|0.008|1.805
DATA=2454615.94382|0.798|0.007|1.772
DATA=2454615.97616|0.776|0.007|1.445
DATA=2454615.97897|0.779|0.007|1.423
DATA=2454615.98196|0.781|0.007|1.402
DATA=2454616.01056|0.77|0.006|1.237
DATA=2454616.01335|0.759|0.006|1.224
DATA=2454616.0158|0.761|0.006|1.213
DATA=2454616.04491|0.764|0.006|1.113
DATA=2454616.04764|0.781|0.006|1.105
DATA=2454616.05023|0.783|0.006|1.099
DATA=2454616.07946|0.787|0.006|1.043
DATA=2454616.08213|0.792|0.006|1.039
DATA=2454616.08458|0.795|0.006|1.036
DATA=2454616.11394|0.908|0.006|1.014
DATA=2454616.11645|0.924|0.006|1.013
DATA=2454616.1189|0.907|0.006|1.013
DATA=2454616.13971|0.858|0.006|1.016
DATA=2454616.14216|0.848|0.006|1.017
DATA=2454616.1449|0.864|0.006|1.019
DATA=2454616.16991|0.71|0.006|1.045
DATA=2454616.1725|0.665|0.006|1.049
DATA=2454616.17495|0.686|0.006|1.053
DATA=2454616.18315|0.665|0.005|1.067
DATA=2454616.18648|0.663|0.006|1.074
DATA=2454616.1892|0.667|0.006|1.079
DATA=2454616.19817|0.708|0.006|1.1
DATA=2454616.20095|0.726|0.006|1.108
DATA=2454616.20395|0.749|0.006|1.116
DATA=2454616.21307|0.694|0.006|1.143
DATA=2454616.21598|0.701|0.006|1.153
DATA=2454616.21844|0.716|0.006|1.161
DATA=2454616.22644|0.671|0.006|1.191
DATA=2454616.22977|0.659|0.006|1.204
DATA=2454616.2325|0.69|0.006|1.216
DATA=2454616.24117|0.751|0.006|1.256
DATA=2454616.24397|0.76|0.006|1.27
DATA=2454616.24642|0.754|0.006|1.283
DATA=2454616.25479|0.704|0.006|1.33
DATA=2454616.25822|0.674|0.006|1.351
DATA=2454616.26095|0.719|0.006|1.369
DATA=2454616.26956|0.807|0.007|1.429
DATA=2454616.27234|0.793|0.007|1.45
DATA=2454616.27501|0.744|0.007|1.472
DATA=2454616.2842|0.681|0.006|1.552
DATA=2454616.28666|0.732|0.007|1.576
DATA=2454616.28941|0.752|0.007|1.604
DATA=2454616.29764|0.854|0.007|1.694
DATA=2454616.30064|0.834|0.007|1.73
DATA=2454616.30353|0.784|0.007|1.767
DATA=2454616.32566|0.767|0.008|2.124
DATA=2454616.32873|0.753|0.008|2.187
DATA=2454616.33145|0.765|0.009|2.246
ENDDATA
