STARTMETADATA
REVISEDDATA=FALSE
OBJECTNUMBER=3747
OBJECTNAME=Belinskij
MPCDESIG=1975 VY5
SESSIONDATE=2006-03-04
SESSIONTIME=04:00:00
CONTACTNAME=B. D. Warner
CONTACTINFO=brian@MinorPlanetObserver.com
OBSERVERS=Warner, B.D.
OBSLONGITUDE=+0.000000
OBSLATITUDE=+0.000000
OBJECTRA=
OBJECTDEC=
PHASE=+13.11
PABL=+144.4
PABB=+28.5
FILTER=C
MAGBAND=R
CICORRECTION=FALSE
CIBAND=NONE
CITARGET=+0.000
DIFFERMAGS=TRUE
MAGADJUST=0.0
STANDARD=NONE
LTCAPP=NONE
LTCDAYS=-0.011519
LTCTYPE=NONE
REDUCEDMAGS=NONE
UCORMAG=-3.7564
PUBLICATION=
BIBCODE=
DELIMITER=PIPE
COMPNAME1=X:133.22/Y:395.99
COMPRA1=
COMPDEC1=
COMPMAG1=0.0
COMPCI1=0.0
COMPNAME2=X:230.79/Y:333.28
COMPRA2=
COMPDEC2=
COMPMAG2=0.0
COMPCI2=0.0
COMPNAME3=X:175.89/Y:390.02
COMPRA3=
COMPDEC3=
COMPMAG3=0.0
COMPCI3=0.0
COMPNAME4=X:199.14/Y:124.74
COMPRA4=
COMPDEC4=
COMPMAG4=0.0
COMPCI4=0.0
COMPNAME5=X:71.15/Y:165.90
COMPRA5=
COMPDEC5=
COMPMAG5=0.0
COMPCI5=0.0
ENDMETADATA
DATA=2453798.58504|1.749|0.013|1.547
DATA=2453798.59025|1.75|0.013|1.509
DATA=2453798.59552|1.75|0.012|1.473
DATA=2453798.60081|1.74|0.011|1.439
DATA=2453798.60607|1.742|0.011|1.407
DATA=2453798.61133|1.76|0.011|1.376
DATA=2453798.61658|1.747|0.01|1.348
DATA=2453798.62184|1.74|0.01|1.322
DATA=2453798.62708|1.746|0.01|1.297
DATA=2453798.63237|1.755|0.01|1.273
DATA=2453798.64154|1.74|0.01|1.235
DATA=2453798.6468|1.764|0.01|1.215
DATA=2453798.65207|1.763|0.009|1.197
DATA=2453798.65733|1.753|0.009|1.179
DATA=2453798.66257|1.751|0.009|1.163
DATA=2453798.66781|1.747|0.009|1.148
DATA=2453798.67308|1.758|0.009|1.133
DATA=2453798.67837|1.729|0.01|1.12
DATA=2453798.68365|1.749|0.009|1.107
DATA=2453798.6889|1.743|0.009|1.095
DATA=2453798.69793|1.745|0.009|1.077
DATA=2453798.7032|1.745|0.008|1.068
DATA=2453798.70845|1.765|0.009|1.059
DATA=2453798.7137|1.758|0.008|1.051
DATA=2453798.71896|1.748|0.009|1.044
DATA=2453798.7242|1.748|0.008|1.037
DATA=2453798.72946|1.766|0.008|1.031
DATA=2453798.7347|1.748|0.008|1.026
DATA=2453798.73998|1.745|0.008|1.022
DATA=2453798.74522|1.736|0.008|1.018
DATA=2453798.75383|1.759|0.008|1.012
DATA=2453798.75909|1.752|0.008|1.01
DATA=2453798.76442|1.751|0.008|1.008
DATA=2453798.76967|1.739|0.008|1.007
DATA=2453798.7749|1.75|0.008|1.007
DATA=2453798.78013|1.744|0.008|1.007
DATA=2453798.7854|1.753|0.008|1.008
DATA=2453798.7906|1.762|0.008|1.009
DATA=2453798.7959|1.761|0.008|1.011
DATA=2453798.80115|1.75|0.008|1.013
DATA=2453798.81017|1.751|0.008|1.019
DATA=2453798.81544|1.741|0.008|1.023
DATA=2453798.82069|1.751|0.008|1.028
DATA=2453798.82599|1.74|0.008|1.034
DATA=2453798.83124|1.759|0.008|1.04
DATA=2453798.83647|1.743|0.008|1.047
DATA=2453798.84173|1.732|0.008|1.054
DATA=2453798.84697|1.745|0.008|1.062
DATA=2453798.85221|1.749|0.008|1.071
DATA=2453798.85745|1.741|0.008|1.081
DATA=2453798.86683|1.75|0.01|1.1
DATA=2453798.87208|1.741|0.008|1.112
DATA=2453798.87734|1.75|0.008|1.125
DATA=2453798.88258|1.732|0.008|1.139
DATA=2453798.88788|1.734|0.012|1.154
DATA=2453798.89842|1.742|0.008|1.187
ENDDATA
