STARTMETADATA
REVISEDDATA=FALSE
OBJECTNUMBER=509
OBJECTNAME=Iolanda
MPCDESIG=1903 LR
SESSIONDATE=2000-06-08
SESSIONTIME=00:00:00
CONTACTNAME=R. A. Koff
CONTACTINFO=bob@antelopehillsobservatory.org
OBSERVERS=Koff, R.A.
OBSLONGITUDE=-104.411111
OBSLATITUDE=+39.696667
OBJECTRA=16:42
OBJECTDEC=-09
PHASE=+4.66
PABL=+251.6
PABB=+10.9
FILTER=V
MAGBAND=V
CICORRECTION=FALSE
CIBAND=NONE
CITARGET=+0.000
DIFFERMAGS=TRUE
MAGADJUST=0.0
STANDARD=NONE
LTCAPP=NONE
LTCDAYS=-0.012617
LTCTYPE=NONE
REDUCEDMAGS=NONE
UCORMAG=-4.2091
PUBLICATION=
BIBCODE=
DELIMITER=PIPE
COMPNAME1=1
COMPRA1=
COMPDEC1=
COMPMAG1=0.0
COMPCI1=0.0
COMPNAME2=2
COMPRA2=
COMPDEC2=
COMPMAG2=0.0
COMPCI2=0.0
ENDMETADATA
DATA=2451703.66111|-0.72|0.0|2.069
DATA=2451703.66806|-0.755|0.0|1.984
DATA=2451703.675|-0.745|0.0|1.91
DATA=2451703.68194|-0.695|0.0|1.845
DATA=2451703.68889|-0.69|0.0|1.788
DATA=2451703.69583|-0.675|0.0|1.738
DATA=2451703.70278|-0.65|0.0|1.695
DATA=2451703.70972|-0.605|0.0|1.658
DATA=2451703.71667|-0.59|0.0|1.625
DATA=2451703.73056|-0.635|0.0|1.574
DATA=2451703.7375|-0.59|0.0|1.555
DATA=2451703.74444|-0.61|0.0|1.539
DATA=2451703.75139|-0.635|0.0|1.528
DATA=2451703.77917|-0.625|0.0|1.514
DATA=2451703.78611|-0.65|0.0|1.52
DATA=2451703.79306|-0.655|0.0|1.528
DATA=2451703.8|-0.61|0.0|1.54
DATA=2451703.80694|-0.635|0.0|1.556
DATA=2451703.81389|-0.665|0.0|1.575
DATA=2451703.82083|-0.675|0.0|1.598
DATA=2451703.82778|-0.72|0.0|1.626
DATA=2451703.83472|-0.705|0.0|1.659
DATA=2451703.84167|-0.72|0.0|1.697
DATA=2451703.84861|-0.73|0.0|1.74
DATA=2451703.85556|-0.745|0.0|1.79
ENDDATA
