STARTMETADATA
REVISEDDATA=FALSE
OBJECTNUMBER=51466
OBJECTNAME=2001 FK48
MPCDESIG=2001 FK48
SESSIONDATE=2010-07-17
SESSIONTIME=10:48:00
CONTACTNAME=J. Oey
CONTACTINFO=julianoey1@optusnet.com.au
OBSERVERS=Oey, J.
OBSLONGITUDE=+105.341667
OBSLATITUDE=-33.706667
OBJECTRA=20:50
OBJECTDEC=-07
PHASE=+9.95
PABL=+308.4
PABB=+7.4
FILTER=C
MAGBAND=R
CICORRECTION=FALSE
CIBAND=NONE
CITARGET=+0.000
DIFFERMAGS=TRUE
MAGADJUST=0.0
STANDARD=NONE
LTCAPP=NONE
LTCDAYS=-0.006246
LTCTYPE=NONE
REDUCEDMAGS=NONE
UCORMAG=-1.7457
PUBLICATION=
BIBCODE=
DELIMITER=PIPE
COMPNAME1=X:1098.3 / Y:503.2
COMPRA1=
COMPDEC1=
COMPMAG1=0.0
COMPCI1=0.0
COMPNAME2=X:1071.4 / Y:553.6
COMPRA2=
COMPDEC2=
COMPMAG2=0.0
COMPCI2=0.0
COMPNAME3=X:1098.7 / Y:590.6
COMPRA3=
COMPDEC3=
COMPMAG3=0.0
COMPCI3=0.0
COMPNAME4=X:1213.6 / Y:625.2
COMPRA4=
COMPDEC4=
COMPMAG4=0.0
COMPCI4=0.0
COMPNAME5=X:1125.4 / Y:356.4
COMPRA5=
COMPDEC5=
COMPMAG5=0.0
COMPCI5=0.0
ENDMETADATA
DATA=2455394.95051|3.375|0.078|2.376
DATA=2455394.9541|3.158|0.06|2.285
DATA=2455394.95769|3.406|0.073|2.202
DATA=2455394.96128|3.249|0.06|2.126
DATA=2455394.96487|3.306|0.06|2.055
DATA=2455394.96847|3.327|0.064|1.99
DATA=2455394.97568|3.296|0.06|1.873
DATA=2455394.97927|3.171|0.052|1.821
DATA=2455394.98287|3.19|0.052|1.772
DATA=2455394.98646|3.286|0.054|1.727
DATA=2455394.99005|3.261|0.052|1.685
DATA=2455394.99365|3.457|0.064|1.645
DATA=2455394.99724|3.338|0.054|1.608
DATA=2455395.03316|3.412|0.054|1.342
DATA=2455395.03675|3.339|0.049|1.324
DATA=2455395.04035|3.364|0.052|1.306
DATA=2455395.04393|3.287|0.045|1.29
DATA=2455395.04754|3.296|0.047|1.274
DATA=2455395.05113|3.182|0.042|1.259
DATA=2455395.05473|3.193|0.042|1.246
DATA=2455395.05833|3.199|0.04|1.233
DATA=2455395.06192|3.22|0.042|1.221
DATA=2455395.06551|3.289|0.049|1.21
DATA=2455395.07045|3.259|0.052|1.196
DATA=2455395.07405|3.36|0.057|1.186
DATA=2455395.07765|3.403|0.06|1.177
DATA=2455395.08125|3.376|0.06|1.169
DATA=2455395.08483|3.445|0.068|1.162
DATA=2455395.08843|3.521|0.078|1.155
DATA=2455395.09202|3.326|0.068|1.149
DATA=2455395.09561|3.263|0.068|1.143
DATA=2455395.09921|3.371|0.084|1.138
DATA=2455395.10281|3.368|0.091|1.134
DATA=2455395.1064|3.225|0.084|1.13
DATA=2455395.11|3.342|0.091|1.127
DATA=2455395.11359|3.181|0.078|1.124
DATA=2455395.15801|3.371|0.068|1.135
DATA=2455395.1658|3.432|0.091|1.145
DATA=2455395.16979|3.376|0.073|1.152
DATA=2455395.17363|3.467|0.078|1.159
DATA=2455395.17755|3.424|0.073|1.166
DATA=2455395.1814|3.356|0.068|1.175
DATA=2455395.18531|3.331|0.064|1.184
DATA=2455395.18915|3.375|0.064|1.194
DATA=2455395.19301|3.344|0.064|1.205
DATA=2455395.19685|3.489|0.078|1.217
DATA=2455395.2007|3.449|0.084|1.229
DATA=2455395.20454|3.481|0.084|1.242
DATA=2455395.21232|3.38|0.073|1.273
DATA=2455395.21624|3.487|0.084|1.29
DATA=2455395.22008|3.392|0.084|1.307
DATA=2455395.22399|3.358|0.078|1.327
DATA=2455395.22791|3.468|0.091|1.347
DATA=2455395.23175|3.296|0.078|1.369
DATA=2455395.23561|3.397|0.099|1.392
DATA=2455395.24098|3.494|0.121|1.427
DATA=2455395.24483|3.602|0.121|1.454
DATA=2455395.24866|3.526|0.109|1.483
DATA=2455395.25249|3.521|0.109|1.514
DATA=2455395.25632|3.526|0.121|1.546
DATA=2455395.26015|3.288|0.099|1.582
DATA=2455395.26398|3.27|0.099|1.619
DATA=2455395.26781|3.452|0.121|1.659
DATA=2455395.27163|3.368|0.121|1.703
DATA=2455395.27546|3.583|0.136|1.749
DATA=2455395.2794|3.449|0.136|1.801
DATA=2455395.28329|3.309|0.121|1.855
DATA=2455395.28711|3.454|0.136|1.914
DATA=2455395.29096|3.328|0.121|1.977
DATA=2455395.29479|3.286|0.121|2.046
DATA=2455395.29862|3.704|0.181|2.121
DATA=2455395.30257|3.71|0.181|2.205
DATA=2455395.3064|3.511|0.155|2.294
DATA=2455395.31024|3.533|0.181|2.392
DATA=2455395.31407|3.572|0.181|2.5
DATA=2455395.3179|3.392|0.155|2.62
DATA=2455395.32172|3.416|0.181|2.752
DATA=2455395.32555|3.491|0.218|2.9
ENDDATA
