STARTMETADATA
REVISEDDATA=FALSE
OBJECTNUMBER=697
OBJECTNAME=Galilea
MPCDESIG=1910 JO
SESSIONDATE=2001-11-15
SESSIONTIME=00:00:00
CONTACTNAME=R. A. Koff
CONTACTINFO=bob@antelopehillsobservatory.org
OBSERVERS=Koff, R.A.
OBSLONGITUDE=-104.411111
OBSLATITUDE=+39.696667
OBJECTRA=04:24
OBJECTDEC=+39
PHASE=+8.86
PABL=+67.5
PABB=+14.5
FILTER=R
MAGBAND=R
CICORRECTION=FALSE
CIBAND=NONE
CITARGET=+0.000
DIFFERMAGS=TRUE
MAGADJUST=0.0
STANDARD=NONE
LTCAPP=NONE
LTCDAYS=-0.010313
LTCTYPE=NONE
REDUCEDMAGS=NONE
UCORMAG=-3.4296
PUBLICATION=
BIBCODE=
DELIMITER=PIPE
COMPNAME1=a
COMPRA1=
COMPDEC1=
COMPMAG1=0.0
COMPCI1=0.0
COMPNAME2=b
COMPRA2=
COMPDEC2=
COMPMAG2=0.0
COMPCI2=0.0
ENDMETADATA
DATA=2452228.70054|0.885|0.0|1.199
DATA=2452228.70308|0.894|0.0|1.19
DATA=2452228.70563|0.908|0.0|1.181
DATA=2452228.70817|0.906|0.0|1.172
DATA=2452228.71072|0.896|0.0|1.164
DATA=2452228.71326|0.901|0.0|1.155
DATA=2452228.71581|0.912|0.0|1.147
DATA=2452228.71836|0.923|0.0|1.14
DATA=2452228.7209|0.915|0.0|1.132
DATA=2452228.72344|0.924|0.0|1.125
DATA=2452228.77637|0.952|0.0|1.025
DATA=2452228.7794|0.961|0.0|1.021
DATA=2452228.78194|0.958|0.0|1.019
DATA=2452228.78449|0.941|0.0|1.017
DATA=2452228.78705|0.96|0.0|1.014
DATA=2452228.78958|0.958|0.0|1.012
DATA=2452228.79213|0.964|0.0|1.01
DATA=2452228.79468|0.973|0.0|1.009
DATA=2452228.79723|0.953|0.0|1.007
DATA=2452228.79977|0.952|0.0|1.005
DATA=2452228.80232|0.958|0.0|1.004
DATA=2452228.80485|0.954|0.0|1.003
DATA=2452228.8074|0.96|0.0|1.002
DATA=2452228.80995|0.963|0.0|1.001
DATA=2452228.8125|0.949|0.0|1.001
DATA=2452228.81506|0.943|0.0|1.0
DATA=2452228.81762|0.944|0.0|1.0
DATA=2452228.82213|0.97|0.0|1.0
ENDDATA
