STARTMETADATA
REVISEDDATA=FALSE
OBJECTNUMBER=43113
OBJECTNAME=1999 XN31
MPCDESIG=1999 XN31
SESSIONDATE=2008-08-13
SESSIONTIME=14:12:00
CONTACTNAME=J. Oey
CONTACTINFO=julianoey1@optusnet.com.au
OBSERVERS=Oey, J.
OBSLONGITUDE=+105.341667
OBSLATITUDE=-33.706667
OBJECTRA=21:27
OBJECTDEC=-02
PHASE=+4.62
PABL=+323.1
PABB=+9.9
FILTER=C
MAGBAND=R
CICORRECTION=FALSE
CIBAND=NONE
CITARGET=+0.000
DIFFERMAGS=TRUE
MAGADJUST=0.0
STANDARD=NONE
LTCAPP=NONE
LTCDAYS=-0.009805
LTCTYPE=NONE
REDUCEDMAGS=NONE
UCORMAG=-3.3049
PUBLICATION=
BIBCODE=
DELIMITER=PIPE
COMPNAME1=212805.32 -21816.1
COMPRA1=
COMPDEC1=
COMPMAG1=0.0
COMPCI1=0.0
COMPNAME2=212808.67 -21728.7
COMPRA2=
COMPDEC2=
COMPMAG2=0.0
COMPCI2=0.0
COMPNAME3=212819.36 -22023.5
COMPRA3=
COMPDEC3=
COMPMAG3=0.0
COMPCI3=0.0
COMPNAME4=212823.55 -22105.9
COMPRA4=
COMPDEC4=
COMPMAG4=0.0
COMPCI4=0.0
COMPNAME5=212812.95 -22050.0
COMPRA5=
COMPDEC5=
COMPMAG5=0.0
COMPCI5=0.0
ENDMETADATA
DATA=2454692.09357|3.005|0.034|1.178
DATA=2454692.09723|3.183|0.04|1.18
DATA=2454692.10091|3.047|0.035|1.183
DATA=2454692.10458|3.08|0.036|1.187
DATA=2454692.10825|3.052|0.036|1.191
DATA=2454692.11192|3.05|0.036|1.196
DATA=2454692.1156|2.989|0.035|1.202
DATA=2454692.11927|3.109|0.039|1.208
DATA=2454692.12294|3.189|0.044|1.215
DATA=2454692.12661|3.066|0.038|1.223
DATA=2454692.13028|3.059|0.038|1.231
DATA=2454692.13395|3.085|0.039|1.24
DATA=2454692.13762|3.043|0.039|1.25
DATA=2454692.14129|3.051|0.039|1.261
DATA=2454692.14495|2.978|0.036|1.273
DATA=2454692.14863|3.112|0.042|1.285
DATA=2454692.15231|3.105|0.04|1.299
DATA=2454692.15598|3.18|0.044|1.313
DATA=2454692.15965|3.184|0.047|1.329
DATA=2454692.16331|3.084|0.042|1.345
DATA=2454692.16698|3.127|0.045|1.363
DATA=2454692.17065|3.05|0.042|1.382
DATA=2454692.17431|3.152|0.047|1.402
DATA=2454692.17799|3.1|0.047|1.424
DATA=2454692.18167|3.298|0.06|1.447
DATA=2454692.18537|3.404|0.068|1.472
DATA=2454692.18906|3.336|0.068|1.498
DATA=2454692.19281|3.353|0.072|1.526
DATA=2454692.19648|3.415|0.078|1.556
DATA=2454692.20018|3.414|0.072|1.588
DATA=2454692.20387|3.428|0.068|1.623
DATA=2454692.20753|3.458|0.072|1.659
DATA=2454692.21119|3.494|0.078|1.698
DATA=2454692.21486|3.328|0.064|1.74
DATA=2454692.21853|3.473|0.072|1.784
DATA=2454692.22226|3.321|0.06|1.833
DATA=2454692.22594|3.355|0.068|1.885
DATA=2454692.22966|3.533|0.084|1.942
DATA=2454692.23344|3.547|0.091|2.004
DATA=2454692.23711|3.618|0.099|2.07
ENDDATA
