STARTMETADATA
REVISEDDATA=FALSE
OBJECTNUMBER=367943
OBJECTNAME=Duende
MPCDESIG=2012 DA14
SESSIONDATE=2013-02-15
SESSIONTIME=14:00:00
CONTACTNAME=J. Oey
CONTACTINFO=J. Oey, 94 Rawson Pde. NSW 2780
OBSERVERS=J. Oey
OBSLONGITUDE=+150.336944
OBSLATITUDE=-33.701944
OBJECTRA=03:25
OBJECTDEC=-58
PHASE=+101.06
PABL=+174.6
PABB=-44.1
FILTER=C
MAGBAND=R
CICORRECTION=FALSE
CIBAND=NONE
CITARGET=+0.000
DIFFERMAGS=FALSE
MAGADJUST=0.0
STANDARD=INTERNAL
LTCAPP=NONE
LTCDAYS=-0.000006
LTCTYPE=NONE
REDUCEDMAGS=NONE
UCORMAG=+15.1050
PUBLICATION=
BIBCODE=
COMMENT=Observer Instrumentation: 0.25m f/11 SCT/SBIG ST-9XE
DELIMITER=PIPE
COMPNAME1=004815.91 -813900.8
COMPRA1=00:44:26.66
COMPDEC1=-81:05:56.3
COMPMAG1=12.692
COMPCI1=0.694
COMPNAME2=004910.53 -813927.4
COMPRA2=00:42:24.88
COMPDEC2=-81:06:40.8
COMPMAG2=12.953
COMPCI2=0.519
ENDMETADATA
DATA=2456338.9659|12.601|0.035|
DATA=2456338.96604|12.693|0.036|
DATA=2456338.96618|12.625|0.036|
DATA=2456338.96633|12.678|0.034|
DATA=2456338.96646|12.61|0.036|
DATA=2456338.96675|12.635|0.036|
DATA=2456338.96689|12.629|0.036|
DATA=2456338.96703|12.656|0.037|
DATA=2456338.96717|12.607|0.035|
DATA=2456338.96731|12.602|0.036|
DATA=2456338.96745|12.671|0.036|
DATA=2456338.96759|12.654|0.036|
DATA=2456338.96772|12.602|0.035|
DATA=2456338.96786|12.672|0.035|
DATA=2456338.968|12.636|0.036|
DATA=2456338.96814|12.675|0.035|
DATA=2456338.96829|12.632|0.037|
DATA=2456338.96843|12.589|0.037|
DATA=2456338.96868|12.582|0.039|
DATA=2456338.96896|12.614|0.037|
DATA=2456338.9691|12.632|0.039|
DATA=2456338.96923|12.608|0.038|
DATA=2456338.96937|12.541|0.04|
DATA=2456338.96952|12.638|0.039|
DATA=2456338.96966|12.639|0.039|
DATA=2456338.9698|12.569|0.039|
DATA=2456338.96995|12.577|0.038|
DATA=2456338.97008|12.571|0.039|
DATA=2456338.97022|12.598|0.038|
DATA=2456338.97036|12.656|0.038|
DATA=2456338.97051|12.623|0.037|
DATA=2456338.97065|12.615|0.039|
DATA=2456338.97079|12.545|0.038|
DATA=2456338.97093|12.618|0.039|
DATA=2456338.97107|12.545|0.04|
DATA=2456338.97121|12.551|0.04|
DATA=2456338.97135|12.555|0.041|
DATA=2456338.97174|12.594|0.038|
DATA=2456338.97188|12.65|0.041|
DATA=2456338.97203|12.62|0.043|
DATA=2456338.97217|12.622|0.045|
DATA=2456338.97231|12.675|0.044|
DATA=2456338.97245|12.671|0.045|
DATA=2456338.97273|12.622|0.048|
DATA=2456338.97287|12.63|0.049|
DATA=2456338.97301|12.607|0.047|
DATA=2456338.97315|12.572|0.047|
DATA=2456338.97329|12.624|0.049|
DATA=2456338.9737|12.568|0.055|
DATA=2456338.97384|12.592|0.052|
DATA=2456338.97398|12.593|0.048|
DATA=2456338.97426|12.569|0.042|
ENDDATA
STARTMETADATA
REVISEDDATA=FALSE
OBJECTNUMBER=367943
OBJECTNAME=Duende
MPCDESIG=2012 DA14
SESSIONDATE=2013-02-15
SESSIONTIME=14:07:00
CONTACTNAME=J. Oey
CONTACTINFO=J. Oey, 94 Rawson Pde. NSW 2780
OBSERVERS=J. Oey
OBSLONGITUDE=+150.336944
OBSLATITUDE=-33.701944
OBJECTRA=03:27
OBJECTDEC=-58
PHASE=+100.74
PABL=+174.8
PABB=-43.9
FILTER=C
MAGBAND=R
CICORRECTION=FALSE
CIBAND=NONE
CITARGET=+0.000
DIFFERMAGS=FALSE
MAGADJUST=0.0
STANDARD=INTERNAL
LTCAPP=NONE
LTCDAYS=-0.000005
LTCTYPE=NONE
REDUCEDMAGS=NONE
UCORMAG=+15.1413
PUBLICATION=
BIBCODE=
COMMENT=Observer Instrumentation: 0.25m f/11 SCT/SBIG ST-9XE
DELIMITER=PIPE
COMPNAME1=004733.66 -815421.0
COMPRA1=00:47:33.97
COMPDEC1=-81:54:21.3
COMPMAG1=13.449
COMPCI1=0.777
COMPNAME2=004708.16 -815404.9
COMPRA2=00:47:08.50
COMPDEC2=-81:54:04.9
COMPMAG2=13.817
COMPCI2=0.839
COMPNAME3=004857.13 -815628.1
COMPRA3=00:48:57.20
COMPDEC3=-81:56:27.4
COMPMAG3=14.096
COMPCI3=0.88
ENDMETADATA
DATA=2456338.97924|12.678|0.078|
DATA=2456338.97938|12.586|0.091|
DATA=2456338.97966|12.719|0.089|
DATA=2456338.98008|12.567|0.089|
DATA=2456338.98062|12.599|0.092|
DATA=2456338.9827|12.591|0.09|
DATA=2456339.0894|13.325|0.05|
ENDDATA
