STARTMETADATA
REVISEDDATA=FALSE
OBJECTNUMBER=19666
OBJECTNAME=1999 RO144
MPCDESIG=1999 RO144
SESSIONDATE=2013-12-03
SESSIONTIME=14:00:00
CONTACTNAME=J. Oey
CONTACTINFO=J. Oey, 94 Rawson Pde. NSW 2780
OBSERVERS=J. Oey
OBSLONGITUDE=+150.341667
OBSLATITUDE=-33.706667
OBJECTRA=04:20
OBJECTDEC=+04
PHASE=+6.75
PABL=+65.3
PABB=-14.0
FILTER=C
MAGBAND=R
CICORRECTION=FALSE
CIBAND=NONE
CITARGET=+0.000
DIFFERMAGS=FALSE
MAGADJUST=0.0
STANDARD=INTERNAL
LTCAPP=NONE
LTCDAYS=-0.009942
LTCTYPE=NONE
REDUCEDMAGS=NONE
UCORMAG=-3.3175
PUBLICATION=
BIBCODE=
COMMENT=Observer Instrumentation: 0.61m f6.8 CDK/U16M
DELIMITER=PIPE
COMPNAME1=041934.20 +040813.9
COMPRA1=04:19:34.23
COMPDEC1=+04:08:14.1
COMPMAG1=13.911
COMPCI1=0.431
COMPNAME2=041934.05 +040954.7
COMPRA2=04:19:34.03
COMPDEC2=+04:09:54.9
COMPMAG2=14.624
COMPCI2=0.456
COMPNAME3=041929.74 +041221.2
COMPRA3=04:19:29.75
COMPDEC3=+04:12:21.1
COMPMAG3=13.336
COMPCI3=0.436
COMPNAME4=041934.43 +041239.0
COMPRA4=04:19:34.41
COMPDEC4=+04:12:39.4
COMPMAG4=14.689
COMPCI4=0.346
COMPNAME5=041959.57 +041349.7
COMPRA5=04:19:59.57
COMPDEC5=+04:13:49.5
COMPMAG5=14.114
COMPCI5=0.461
ENDMETADATA
DATA=2456630.07654|17.209|0.032|
DATA=2456630.08032|17.141|0.03|
DATA=2456630.0841|17.149|0.03|
DATA=2456630.08787|17.263|0.034|
DATA=2456630.09164|17.169|0.031|
DATA=2456630.09542|17.255|0.034|
DATA=2456630.09921|17.284|0.035|
DATA=2456630.103|17.256|0.034|
DATA=2456630.10677|17.162|0.031|
DATA=2456630.11053|17.228|0.034|
DATA=2456630.11433|17.333|0.038|
DATA=2456630.1181|17.366|0.039|
DATA=2456630.12185|17.258|0.038|
DATA=2456630.12562|17.174|0.033|
DATA=2456630.12939|17.35|0.039|
DATA=2456630.13314|17.282|0.036|
DATA=2456630.1369|17.366|0.05|
DATA=2456630.14066|17.147|0.05|
DATA=2456630.1557|17.314|0.05|
DATA=2456630.15948|17.222|0.038|
DATA=2456630.16325|17.347|0.044|
DATA=2456630.16702|17.345|0.044|
DATA=2456630.17455|17.415|0.047|
DATA=2456630.17831|17.361|0.045|
ENDDATA
