STARTMETADATA
REVISEDDATA=FALSE
OBJECTNUMBER=10585
OBJECTNAME=Wabi-Sabi
MPCDESIG=1996 GD21
SESSIONDATE=2006-03-09
SESSIONTIME=16:54:00
CONTACTNAME=J. Oey
CONTACTINFO=julianoey1@optusnet.com.au
OBSERVERS=Oey, J.
OBSLONGITUDE=+105.341667
OBSLATITUDE=-33.706667
OBJECTRA=16:16
OBJECTDEC=-18
PHASE=+27.77
PABL=+231.7
PABB=+2.5
FILTER=C
MAGBAND=R
CICORRECTION=FALSE
CIBAND=NONE
CITARGET=+0.000
DIFFERMAGS=TRUE
MAGADJUST=0.0
STANDARD=NONE
LTCAPP=NONE
LTCDAYS=-0.009279
LTCTYPE=NONE
REDUCEDMAGS=NONE
UCORMAG=-2.6155
PUBLICATION=
BIBCODE=
DELIMITER=PIPE
COMPNAME1=X:206.96/Y:75.26
COMPRA1=
COMPDEC1=
COMPMAG1=0.0
COMPCI1=0.0
COMPNAME2=X:276.52/Y:140.95
COMPRA2=
COMPDEC2=
COMPMAG2=0.0
COMPCI2=0.0
ENDMETADATA
DATA=2453804.20493|2.593|0.136|1.193
DATA=2453804.20636|2.523|0.122|1.187
DATA=2453804.20779|2.352|0.11|1.182
DATA=2453804.20922|2.297|0.1|1.177
DATA=2453804.21065|2.284|0.1|1.172
DATA=2453804.21208|2.382|0.109|1.167
DATA=2453804.21351|2.298|0.1|1.162
DATA=2453804.21494|2.296|0.1|1.158
DATA=2453804.21637|2.281|0.1|1.153
DATA=2453804.2178|2.21|0.092|1.149
DATA=2453804.21923|2.451|0.11|1.144
DATA=2453804.22067|2.391|0.11|1.14
DATA=2453804.2221|2.356|0.11|1.136
DATA=2453804.22352|2.283|0.1|1.132
DATA=2453804.22495|2.464|0.11|1.128
DATA=2453804.22638|2.409|0.109|1.124
DATA=2453804.22781|2.522|0.122|1.12
DATA=2453804.22924|2.691|0.136|1.117
DATA=2453804.23068|2.559|0.137|1.113
DATA=2453804.2321|2.343|0.11|1.11
DATA=2453804.23353|2.125|0.092|1.106
DATA=2453804.23496|2.064|0.092|1.103
DATA=2453804.23639|1.997|0.092|1.1
DATA=2453804.23782|1.546|0.066|1.097
DATA=2453804.23925|1.811|0.086|1.094
DATA=2453804.24068|2.029|0.11|1.091
DATA=2453804.24211|2.043|0.122|1.088
DATA=2453804.24354|1.989|0.138|1.085
DATA=2453804.24497|1.597|0.14|1.083
DATA=2453804.24641|1.621|0.112|1.08
ENDDATA
