STARTMETADATA
REVISEDDATA=FALSE
OBJECTNUMBER=316720
OBJECTNAME=1998 BE7
MPCDESIG=1998 BE7
SESSIONDATE=2008-09-10
SESSIONTIME=13:35:00
CONTACTNAME=J. Oey
CONTACTINFO=julianoey1@optusnet.com.au
OBSERVERS=Oey, J.
OBSLONGITUDE=+105.341667
OBSLATITUDE=-33.706667
OBJECTRA=03:11
OBJECTDEC=-13
PHASE=+32.61
PABL=+24.5
PABB=-23.3
FILTER=C
MAGBAND=R
CICORRECTION=FALSE
CIBAND=NONE
CITARGET=+0.000
DIFFERMAGS=TRUE
MAGADJUST=0.0
STANDARD=NONE
LTCAPP=NONE
LTCDAYS=-0.004731
LTCTYPE=NONE
REDUCEDMAGS=NONE
UCORMAG=-0.5820
PUBLICATION=
BIBCODE=
DELIMITER=PIPE
COMPNAME1=031230.97 -133018.2
COMPRA1=
COMPDEC1=
COMPMAG1=0.0
COMPCI1=0.0
COMPNAME2=031228.40 -133036.2
COMPRA2=
COMPDEC2=
COMPMAG2=0.0
COMPCI2=0.0
COMPNAME3=031226.88 -133104.3
COMPRA3=
COMPDEC3=
COMPMAG3=0.0
COMPCI3=0.0
COMPNAME4=031222.09 -133009.8
COMPRA4=
COMPDEC4=
COMPMAG4=0.0
COMPCI4=0.0
ENDMETADATA
DATA=2454720.06825|3.267|0.047|2.017
DATA=2454720.07198|3.306|0.045|1.951
DATA=2454720.07578|3.359|0.049|1.889
DATA=2454720.07953|3.395|0.049|1.832
DATA=2454720.08341|3.366|0.045|1.777
DATA=2454720.0871|3.355|0.044|1.729
DATA=2454720.09083|3.315|0.044|1.683
DATA=2454720.09476|3.207|0.038|1.639
DATA=2454720.09856|3.053|0.032|1.598
DATA=2454720.10226|2.953|0.029|1.562
DATA=2454720.10604|2.891|0.027|1.527
DATA=2454720.10983|2.843|0.026|1.494
DATA=2454720.11368|2.787|0.025|1.462
DATA=2454720.11747|2.702|0.023|1.433
DATA=2454720.12131|2.671|0.023|1.406
DATA=2454720.12515|2.606|0.021|1.38
DATA=2454720.12903|2.551|0.021|1.355
DATA=2454720.13289|2.527|0.021|1.332
DATA=2454720.13713|2.547|0.03|1.309
DATA=2454720.141|2.553|0.042|1.288
ENDDATA
