STARTMETADATA
REVISEDDATA=FALSE
OBJECTNUMBER=41467
OBJECTNAME=2000 OG29
MPCDESIG=2000 OG29
SESSIONDATE=2010-02-17
SESSIONTIME=07:00:00
CONTACTNAME=B. D. Warner
CONTACTINFO=brian@MinorPlanetObserver.com
OBSERVERS=Warner, B.D.
OBSLONGITUDE=+0.000000
OBSLATITUDE=+0.000000
OBJECTRA=
OBJECTDEC=
PHASE=+5.00
PABL=+142.2
PABB=-8.3
FILTER=C
MAGBAND=R
CICORRECTION=FALSE
CIBAND=NONE
CITARGET=+0.000
DIFFERMAGS=FALSE
MAGADJUST=0.0
STANDARD=INTERNAL
LTCAPP=NONE
LTCDAYS=-0.008934
LTCTYPE=NONE
REDUCEDMAGS=NONE
UCORMAG=-2.9565
PUBLICATION=
BIBCODE=
DELIMITER=PIPE
COMPNAME1=091909.96 +045254.3
COMPRA1=
COMPDEC1=
COMPMAG1=15.999
COMPCI1=0.402
COMPNAME3=091900.08 +045700.8
COMPRA3=
COMPDEC3=
COMPMAG3=14.998
COMPCI3=0.356
COMPNAME4=091841.69 +045549.6
COMPRA4=
COMPDEC4=
COMPMAG4=15.683
COMPCI4=0.441
ENDMETADATA
DATA=2455244.61876|19.243|0.155|2.032
DATA=2455244.62248|19.239|0.136|1.973
DATA=2455244.6262|19.116|0.121|1.918
DATA=2455244.62992|19.244|0.136|1.868
DATA=2455244.63364|19.452|0.155|1.821
DATA=2455244.63736|19.466|0.155|1.777
DATA=2455244.64109|19.607|0.181|1.735
DATA=2455244.64481|19.598|0.181|1.697
DATA=2455244.64889|19.574|0.181|1.658
DATA=2455244.65296|19.393|0.155|1.621
DATA=2455244.65704|19.259|0.136|1.588
DATA=2455244.7213|18.941|0.084|1.278
DATA=2455244.72538|19.012|0.091|1.269
DATA=2455244.72945|19.04|0.091|1.26
DATA=2455244.73352|18.864|0.078|1.253
DATA=2455244.73723|18.829|0.073|1.247
DATA=2455244.74095|18.941|0.084|1.241
DATA=2455244.74467|18.822|0.073|1.236
DATA=2455244.74838|18.832|0.078|1.232
DATA=2455244.7521|18.807|0.073|1.229
DATA=2455244.75582|18.747|0.068|1.226
DATA=2455244.75954|18.717|0.068|1.224
DATA=2455244.76141|18.714|0.084|1.223
DATA=2455244.77173|18.843|0.078|1.221
DATA=2455244.77544|18.921|0.078|1.222
DATA=2455244.77915|18.961|0.084|1.223
DATA=2455244.80587|19.153|0.099|1.25
DATA=2455244.80992|19.154|0.099|1.257
DATA=2455244.81363|19.276|0.109|1.265
DATA=2455244.81735|19.217|0.109|1.273
DATA=2455244.82106|19.207|0.109|1.282
DATA=2455244.82478|19.287|0.109|1.292
DATA=2455244.84809|19.514|0.155|1.373
DATA=2455244.8518|19.45|0.136|1.389
DATA=2455244.85552|19.554|0.155|1.407
DATA=2455244.85924|19.578|0.155|1.426
DATA=2455244.86295|19.594|0.155|1.446
DATA=2455244.86667|19.387|0.136|1.468
DATA=2455244.87039|19.29|0.121|1.491
DATA=2455244.87411|19.25|0.121|1.515
DATA=2455244.87817|19.279|0.121|1.544
DATA=2455244.88224|19.264|0.121|1.574
DATA=2455244.88629|19.174|0.109|1.607
DATA=2455244.89001|19.231|0.121|1.639
DATA=2455244.89374|19.255|0.121|1.674
DATA=2455244.89746|19.137|0.109|1.71
DATA=2455244.90119|19.147|0.121|1.75
ENDDATA
