STARTMETADATA
REVISEDDATA=FALSE
OBJECTNUMBER=19337
OBJECTNAME=1997 AT
MPCDESIG=1997 AT
SESSIONDATE=2007-11-14
SESSIONTIME=09:00:00
CONTACTNAME=D. Higgins
CONTACTINFO=higginsdj@bigpond.com
OBSERVERS=Higgins, D.
OBSLONGITUDE=+129.100000
OBSLATITUDE=-35.150000
OBJECTRA=03:03
OBJECTDEC=+01
PHASE=+8.08
PABL=+45.9
PABB=-11.2
FILTER=C
MAGBAND=R
CICORRECTION=FALSE
CIBAND=NONE
CITARGET=+0.000
DIFFERMAGS=TRUE
MAGADJUST=0.0
STANDARD=NONE
LTCAPP=NONE
LTCDAYS=-0.005967
LTCTYPE=NONE
REDUCEDMAGS=NONE
UCORMAG=-1.5799
PUBLICATION=
BIBCODE=
DELIMITER=PIPE
COMPNAME1=03 03.81 / + 1 52.0
COMPRA1=
COMPDEC1=
COMPMAG1=0.0
COMPCI1=0.0
COMPNAME2=03 03.69 / + 1 52.1
COMPRA2=
COMPDEC2=
COMPMAG2=0.0
COMPCI2=0.0
COMPNAME3=03 04.12 / + 1 50.3
COMPRA3=
COMPDEC3=
COMPMAG3=0.0
COMPCI3=0.0
COMPNAME4=03 04.04 / + 1 56.2
COMPRA4=
COMPDEC4=
COMPMAG4=0.0
COMPCI4=0.0
COMPNAME5=03 03.52 / + 1 51.3
COMPRA5=
COMPDEC5=
COMPMAG5=0.0
COMPCI5=0.0
ENDMETADATA
DATA=2454418.93289|1.043|0.017|1.844
DATA=2454418.93647|1.054|0.017|1.799
DATA=2454418.93987|1.043|0.017|1.759
DATA=2454418.94318|1.062|0.016|1.723
DATA=2454418.94751|1.038|0.016|1.679
DATA=2454418.95087|1.04|0.015|1.648
DATA=2454418.95426|1.044|0.015|1.617
DATA=2454418.95897|1.041|0.014|1.579
DATA=2454418.96236|1.039|0.014|1.553
DATA=2454418.96574|1.016|0.014|1.528
DATA=2454418.9701|1.019|0.013|1.499
DATA=2454418.98366|1.028|0.013|1.421
DATA=2454418.99755|0.986|0.012|1.359
DATA=2454419.01098|1.007|0.012|1.313
DATA=2454419.02612|1.031|0.012|1.275
DATA=2454419.03977|1.032|0.011|1.253
DATA=2454419.05358|1.051|0.011|1.24
DATA=2454419.07986|1.096|0.012|1.243
DATA=2454419.09466|1.101|0.012|1.26
DATA=2454419.1086|1.1|0.011|1.286
DATA=2454419.12256|1.092|0.011|1.325
DATA=2454419.13582|1.097|0.012|1.374
DATA=2454419.16366|1.076|0.012|1.527
DATA=2454419.17734|1.053|0.012|1.635
DATA=2454419.19083|1.035|0.012|1.772
DATA=2454419.20456|1.017|0.013|1.953
DATA=2454419.21795|1.014|0.013|2.187
ENDDATA
STARTMETADATA
REVISEDDATA=FALSE
OBJECTNUMBER=19337
OBJECTNAME=1997 AT
MPCDESIG=1997 AT
SESSIONDATE=2007-11-11
SESSIONTIME=10:33:00
CONTACTNAME=J. Oey
CONTACTINFO=julianoey1@optusnet.com.au
OBSERVERS=Oey, J.
OBSLONGITUDE=+105.341667
OBSLATITUDE=-33.706667
OBJECTRA=03:06
OBJECTDEC=+01
PHASE=+7.62
PABL=+45.7
PABB=-11.4
FILTER=C
MAGBAND=R
CICORRECTION=FALSE
CIBAND=NONE
CITARGET=+0.000
DIFFERMAGS=TRUE
MAGADJUST=0.0
STANDARD=NONE
LTCAPP=NONE
LTCDAYS=-0.005916
LTCTYPE=NONE
REDUCEDMAGS=NONE
UCORMAG=-1.5549
PUBLICATION=
BIBCODE=
DELIMITER=PIPE
COMPNAME1=03 06.77 / + 1 52.4
COMPRA1=
COMPDEC1=
COMPMAG1=0.0
COMPCI1=0.0
COMPNAME2=03 06.95 / + 1 53.3
COMPRA2=
COMPDEC2=
COMPMAG2=0.0
COMPCI2=0.0
COMPNAME3=03 06.99 / + 1 50.7
COMPRA3=
COMPDEC3=
COMPMAG3=0.0
COMPCI3=0.0
COMPNAME4=03 06.94 / + 1 49.0
COMPRA4=
COMPDEC4=
COMPMAG4=0.0
COMPCI4=0.0
COMPNAME5=03 06.74 / + 1 48.9
COMPRA5=
COMPDEC5=
COMPMAG5=0.0
COMPCI5=0.0
ENDMETADATA
DATA=2454415.94144|1.124|0.023|1.771
DATA=2454415.95172|1.064|0.021|1.661
DATA=2454415.96215|1.11|0.021|1.568
DATA=2454415.97261|1.055|0.019|1.492
DATA=2454415.9829|1.076|0.019|1.429
DATA=2454415.99347|1.082|0.022|1.376
DATA=2454416.01485|1.085|0.017|1.296
DATA=2454416.02556|1.044|0.017|1.268
DATA=2454416.03628|1.079|0.017|1.247
DATA=2454416.04429|1.062|0.017|1.235
DATA=2454416.05717|1.105|0.016|1.223
ENDDATA
