STARTMETADATA
REVISEDDATA=FALSE
OBJECTNUMBER=4172
OBJECTNAME=Rochefort
MPCDESIG=1982 FC3
SESSIONDATE=2011-11-03
SESSIONTIME=07:00:00
CONTACTNAME=B. D. Warner
CONTACTINFO=brian@MinorPlanetObserver.com
OBSERVERS=B. D. Warner
OBSLONGITUDE=-104.750000
OBSLATITUDE=+39.083333
OBJECTRA=02:46
OBJECTDEC=+19
PHASE=+2.47
PABL=+44.3
PABB=+2.8
FILTER=C
MAGBAND=R
CICORRECTION=TRUE
CIBAND=VR
CITARGET=+0.450
DIFFERMAGS=FALSE
MAGADJUST=0.0
STANDARD=INTERNAL
LTCAPP=NONE
LTCDAYS=-0.008300
LTCTYPE=NONE
REDUCEDMAGS=NONE
UCORMAG=-2.7140
PUBLICATION=
BIBCODE=
COMMENT=Unless otherwise stated, the long/lat are for the observer location
DELIMITER=PIPE
COMPNAME1=024654.87 +194920.4
COMPRA1=02:46:54.87
COMPDEC1=+19:49:20.3
COMPMAG1=13.902
COMPCI1=0.389
COMPNAME2=024632.15 +194808.5
COMPRA2=02:46:32.15
COMPDEC2=+19:48:08.3
COMPMAG2=12.855
COMPCI2=0.395
COMPNAME3=024630.42 +195214.4
COMPRA3=02:46:30.44
COMPDEC3=+19:52:14.2
COMPMAG3=13.76
COMPCI3=0.338
ENDMETADATA
DATA=2455868.55857|17.103|0.091|3.389
DATA=2455868.57748|17.191|0.055|2.63
DATA=2455868.58126|17.211|0.05|2.518
DATA=2455868.58502|17.303|0.052|2.417
DATA=2455868.6096|17.445|0.049|1.925
DATA=2455868.61339|17.449|0.05|1.869
DATA=2455868.61716|17.37|0.045|1.816
DATA=2455868.62093|17.181|0.038|1.767
DATA=2455868.6247|17.128|0.034|1.722
DATA=2455868.62846|17.092|0.033|1.679
DATA=2455868.63224|17.056|0.031|1.638
DATA=2455868.64198|17.073|0.032|1.545
DATA=2455868.64577|17.112|0.038|1.513
DATA=2455868.64955|17.077|0.035|1.483
DATA=2455868.65334|17.111|0.035|1.454
DATA=2455868.6571|17.192|0.038|1.427
DATA=2455868.66088|17.196|0.036|1.402
DATA=2455868.66466|17.304|0.042|1.377
DATA=2455868.66845|17.326|0.042|1.355
DATA=2455868.67222|17.341|0.042|1.333
DATA=2455868.68566|17.418|0.045|1.266
DATA=2455868.68943|17.359|0.042|1.25
DATA=2455868.6932|17.287|0.039|1.234
DATA=2455868.69696|17.229|0.035|1.22
DATA=2455868.70072|17.15|0.033|1.206
DATA=2455868.70448|17.096|0.031|1.193
DATA=2455868.70826|17.116|0.033|1.181
DATA=2455868.71204|17.106|0.033|1.169
DATA=2455868.71581|17.106|0.032|1.159
DATA=2455868.72924|17.241|0.057|1.126
DATA=2455868.74052|17.261|0.068|1.104
DATA=2455868.74429|17.27|0.047|1.098
DATA=2455868.74806|17.405|0.052|1.092
DATA=2455868.75181|17.439|0.045|1.087
DATA=2455868.75557|17.422|0.044|1.083
DATA=2455868.75932|17.461|0.047|1.079
DATA=2455868.76308|17.433|0.044|1.075
DATA=2455868.77701|17.152|0.032|1.067
DATA=2455868.78077|17.154|0.032|1.065
DATA=2455868.78453|17.065|0.03|1.064
DATA=2455868.7883|17.108|0.038|1.064
DATA=2455868.79205|17.032|0.03|1.064
DATA=2455868.79581|17.097|0.031|1.065
DATA=2455868.79957|17.099|0.031|1.066
DATA=2455868.80334|17.077|0.03|1.067
DATA=2455868.82386|17.349|0.042|1.084
DATA=2455868.82762|17.387|0.045|1.089
DATA=2455868.8314|17.346|0.047|1.094
DATA=2455868.83516|17.433|0.052|1.1
DATA=2455868.83889|17.379|0.052|1.106
DATA=2455868.84265|17.32|0.044|1.113
DATA=2455868.84642|17.27|0.04|1.121
DATA=2455868.85018|17.25|0.039|1.129
DATA=2455868.85984|17.122|0.034|1.152
DATA=2455868.8636|17.093|0.034|1.162
DATA=2455868.86736|17.099|0.034|1.173
DATA=2455868.87493|17.149|0.036|1.198
DATA=2455868.87869|17.153|0.038|1.211
DATA=2455868.90734|17.432|0.045|1.341
DATA=2455868.91111|17.426|0.045|1.363
DATA=2455868.91488|17.465|0.045|1.386
DATA=2455868.91866|17.481|0.047|1.411
DATA=2455868.92242|17.359|0.044|1.437
DATA=2455868.92619|17.244|0.039|1.465
DATA=2455868.92996|17.212|0.038|1.494
DATA=2455868.93375|17.109|0.034|1.525
DATA=2455868.93752|17.052|0.033|1.558
DATA=2455868.94735|17.091|0.034|1.654
DATA=2455868.9549|17.112|0.035|1.739
DATA=2455868.95865|17.156|0.036|1.786
DATA=2455868.96244|17.149|0.036|1.837
DATA=2455868.96622|17.205|0.039|1.891
DATA=2455868.96999|17.275|0.042|1.949
DATA=2455868.97375|17.259|0.04|2.011
ENDDATA
