STARTMETADATA
REVISEDDATA=FALSE
OBJECTNUMBER=96562
OBJECTNAME=1998 SZ138
MPCDESIG=1998 SZ138
SESSIONDATE=2007-07-11
SESSIONTIME=16:10:00
CONTACTNAME=D. Higgins
CONTACTINFO=higginsdj@bigpond.com
OBSERVERS=Higgins, D.
OBSLONGITUDE=+129.100000
OBSLATITUDE=-35.150000
OBJECTRA=20:40
OBJECTDEC=-04
PHASE=+17.14
PABL=+304.1
PABB=+9.3
FILTER=C
MAGBAND=R
CICORRECTION=FALSE
CIBAND=NONE
CITARGET=+0.000
DIFFERMAGS=TRUE
MAGADJUST=0.0
STANDARD=NONE
LTCAPP=NONE
LTCDAYS=-0.002923
LTCTYPE=NONE
REDUCEDMAGS=NONE
UCORMAG=+0.6124
PUBLICATION=
BIBCODE=
DELIMITER=PIPE
COMPNAME5=20 40.79 / - 4 03.8
COMPRA5=
COMPDEC5=
COMPMAG5=0.0
COMPCI5=0.0
COMPNAME4=20 40.72 / - 4 05.5
COMPRA4=
COMPDEC4=
COMPMAG4=0.0
COMPCI4=0.0
COMPNAME3=20 41.05 / - 4 07.8
COMPRA3=
COMPDEC3=
COMPMAG3=0.0
COMPCI3=0.0
COMPNAME2=20 41.13 / - 4 09.1
COMPRA2=
COMPDEC2=
COMPMAG2=0.0
COMPCI2=0.0
COMPNAME1=20 40.97 / - 4 09.3
COMPRA1=
COMPDEC1=
COMPMAG1=0.0
COMPCI1=0.0
ENDMETADATA
DATA=2454293.04835|1.96|0.015|1.4
DATA=2454293.05142|1.915|0.014|1.383
DATA=2454293.07244|1.798|0.013|1.289
DATA=2454293.07553|1.788|0.013|1.278
DATA=2454293.08776|1.776|0.012|1.24
DATA=2454293.09085|1.775|0.012|1.232
DATA=2454293.10335|1.894|0.013|1.204
DATA=2454293.10742|1.831|0.012|1.197
DATA=2454293.11994|1.838|0.012|1.18
DATA=2454293.12302|1.808|0.012|1.177
DATA=2454293.13552|1.813|0.012|1.169
DATA=2454293.13946|1.809|0.012|1.168
DATA=2454293.15188|1.892|0.013|1.169
DATA=2454293.15495|1.96|0.013|1.17
DATA=2454293.16743|1.745|0.011|1.18
DATA=2454293.17052|1.752|0.012|1.184
DATA=2454293.18401|1.738|0.012|1.205
DATA=2454293.1871|1.771|0.012|1.211
DATA=2454293.19951|1.801|0.013|1.24
DATA=2454293.20259|1.838|0.013|1.249
DATA=2454293.21508|1.814|0.013|1.29
DATA=2454293.21887|1.809|0.013|1.305
DATA=2454293.23132|1.799|0.013|1.36
DATA=2454293.23441|1.815|0.013|1.376
DATA=2454293.24704|1.81|0.014|1.45
DATA=2454293.25013|1.795|0.014|1.471
DATA=2454293.26281|1.911|0.015|1.569
DATA=2454293.26689|1.856|0.015|1.605
DATA=2454293.2794|1.729|0.025|1.735
DATA=2454293.28248|1.733|0.017|1.772
DATA=2454293.29506|1.8|0.016|1.949
ENDDATA
