STARTMETADATA
REVISEDDATA=FALSE
OBJECTNUMBER=4105
OBJECTNAME=Tsia
MPCDESIG=1989 EK
SESSIONDATE=2010-12-11
SESSIONTIME=10:00:00
CONTACTNAME=B. A. Skiff
CONTACTINFO=B. A. Skiff, Lowell Observatory, 1400 West Mars Hill Road, Flagstaff, AZ 86001 USA
OBSERVERS=Skiff, B.A.
OBSLONGITUDE=-111.535833
OBSLATITUDE=+35.098500
OBJECTRA=08:32
OBJECTDEC=+16
PHASE=+19.33
PABL=+150.6
PABB=-6.1
FILTER=R
MAGBAND=SR
CICORRECTION=FALSE
CIBAND=NONE
CITARGET=+0.000
DIFFERMAGS=FALSE
MAGADJUST=0.0
STANDARD=INTERNAL
LTCAPP=NONE
LTCDAYS=-0.015156
LTCTYPE=NONE
REDUCEDMAGS=NONE
UCORMAG=-4.4388
PUBLICATION=
BIBCODE=
COMMENT=The long/lat are for the CONTACT's location, not necessarily the observer's
DELIMITER=PIPE
COMPNAME1=083210.32 +164712.8
COMPRA1=
COMPDEC1=
COMPMAG1=16.406
COMPCI1=0.476
COMPNAME2=083156.18 +164845.6
COMPRA2=
COMPDEC2=
COMPMAG2=15.203
COMPCI2=0.354
COMPNAME3=083155.87 +164937.2
COMPRA3=
COMPDEC3=
COMPMAG3=13.783
COMPCI3=0.334
COMPNAME4=083209.15 +165026.0
COMPRA4=
COMPDEC4=
COMPMAG4=15.463
COMPCI4=0.425
COMPNAME5=083156.98 +164947.3
COMPRA5=
COMPDEC5=
COMPMAG5=15.594
COMPCI5=0.354
ENDMETADATA
DATA=2455541.76012|16.273|0.071|
DATA=2455541.76901|16.264|0.072|
DATA=2455541.77675|16.253|0.033|
DATA=2455541.78453|16.282|0.04|
DATA=2455541.79229|16.276|0.051|
DATA=2455541.80009|16.267|0.037|
DATA=2455541.80785|16.292|0.041|
DATA=2455541.81561|16.258|0.031|
DATA=2455541.82432|16.238|0.031|
DATA=2455541.83669|16.274|0.03|
DATA=2455541.84445|16.31|0.03|
DATA=2455541.8522|16.25|0.031|
DATA=2455541.85993|16.25|0.029|
DATA=2455541.86768|16.227|0.038|
DATA=2455541.87641|16.249|0.037|
DATA=2455541.88415|16.245|0.032|
DATA=2455541.89189|16.296|0.051|
DATA=2455541.9074|16.219|0.031|
DATA=2455541.91515|16.236|0.033|
DATA=2455541.92288|16.237|0.03|
DATA=2455541.93958|16.204|0.025|
DATA=2455541.94731|16.188|0.025|
DATA=2455541.95512|16.237|0.025|
DATA=2455541.96292|16.194|0.025|
DATA=2455541.96649|16.166|0.025|
DATA=2455541.97003|16.203|0.025|
DATA=2455541.9735|16.233|0.026|
DATA=2455541.97693|16.219|0.025|
DATA=2455541.98032|16.163|0.024|
DATA=2455541.98371|16.184|0.024|
DATA=2455541.98805|16.193|0.025|
DATA=2455541.99143|16.187|0.025|
DATA=2455541.99483|16.19|0.025|
DATA=2455541.99821|16.184|0.025|
DATA=2455542.00158|16.196|0.026|
DATA=2455542.00497|16.162|0.025|
DATA=2455542.00839|16.182|0.026|
DATA=2455542.01178|16.179|0.026|
DATA=2455542.01515|16.177|0.026|
DATA=2455542.01853|16.187|0.026|
DATA=2455542.02191|16.216|0.027|
DATA=2455542.02529|16.147|0.026|
DATA=2455542.02867|16.171|0.027|
DATA=2455542.03547|16.155|0.026|
DATA=2455542.03885|16.155|0.026|
DATA=2455542.04363|16.161|0.029|
DATA=2455542.04701|16.167|0.031|
DATA=2455542.0504|16.138|0.036|
DATA=2455542.05379|16.198|0.035|
DATA=2455542.05718|16.16|0.041|
DATA=2455542.06056|16.214|0.056|
DATA=2455542.06393|16.206|0.077|
ENDDATA
