STARTMETADATA
REVISEDDATA=FALSE
OBJECTNUMBER=31548
OBJECTNAME=1999 DV6
MPCDESIG=1999 DV6
SESSIONDATE=2008-08-11
SESSIONTIME=09:29:00
CONTACTNAME=J. Oey
CONTACTINFO=julianoey1@optusnet.com.au
OBSERVERS=Oey, J.
OBSLONGITUDE=+105.341667
OBSLATITUDE=-33.706667
OBJECTRA=22:14
OBJECTDEC=-37
PHASE=+9.14
PABL=+321.0
PABB=-20.0
FILTER=C
MAGBAND=R
CICORRECTION=FALSE
CIBAND=NONE
CITARGET=+0.000
DIFFERMAGS=TRUE
MAGADJUST=0.0
STANDARD=NONE
LTCAPP=NONE
LTCDAYS=-0.009847
LTCTYPE=NONE
REDUCEDMAGS=NONE
UCORMAG=-3.2850
PUBLICATION=
BIBCODE=
DELIMITER=PIPE
COMPNAME1=X:395.0 / Y:221.2
COMPRA1=
COMPDEC1=
COMPMAG1=0.0
COMPCI1=0.0
COMPNAME2=X:402.7 / Y:235.7
COMPRA2=
COMPDEC2=
COMPMAG2=0.0
COMPCI2=0.0
COMPNAME3=X:235.3 / Y:233.0
COMPRA3=
COMPDEC3=
COMPMAG3=0.0
COMPCI3=0.0
COMPNAME4=X:237.6 / Y:428.2
COMPRA4=
COMPDEC4=
COMPMAG4=0.0
COMPCI4=0.0
COMPNAME5=X:216.2 / Y:453.5
COMPRA5=
COMPDEC5=
COMPMAG5=0.0
COMPCI5=0.0
ENDMETADATA
DATA=2454689.88956|2.093|0.041|2.322
DATA=2454689.89341|2.123|0.032|2.24
DATA=2454689.89727|2.158|0.034|2.163
DATA=2454689.90116|2.139|0.031|2.092
DATA=2454689.90891|2.064|0.026|1.963
DATA=2454689.91269|2.128|0.028|1.906
DATA=2454689.91659|2.084|0.026|1.852
DATA=2454689.92042|2.057|0.024|1.801
DATA=2454689.92425|2.075|0.024|1.754
DATA=2454689.92806|2.052|0.024|1.71
DATA=2454689.93189|2.129|0.025|1.668
DATA=2454689.93573|2.087|0.023|1.628
DATA=2454689.93965|2.064|0.023|1.59
DATA=2454689.94358|2.111|0.023|1.554
DATA=2454689.94741|2.13|0.024|1.521
DATA=2454689.95125|2.066|0.022|1.489
DATA=2454689.95503|2.073|0.023|1.46
DATA=2454689.95903|2.065|0.022|1.43
DATA=2454689.96297|2.14|0.023|1.403
DATA=2454689.96704|2.135|0.023|1.376
DATA=2454689.97117|2.137|0.022|1.351
DATA=2454690.06162|2.129|0.017|1.042
DATA=2454690.06517|2.132|0.018|1.037
DATA=2454690.07226|2.146|0.023|1.027
DATA=2454690.0758|2.118|0.017|1.023
DATA=2454690.07935|2.097|0.017|1.019
DATA=2454690.08379|2.068|0.017|1.015
DATA=2454690.0875|2.112|0.017|1.012
DATA=2454690.09124|2.053|0.016|1.009
DATA=2454690.09493|2.073|0.018|1.007
DATA=2454690.09863|2.078|0.024|1.005
DATA=2454690.10233|2.096|0.029|1.004
DATA=2454690.11341|2.092|0.041|1.001
DATA=2454690.12931|2.051|0.016|1.003
DATA=2454690.13303|2.044|0.016|1.004
DATA=2454690.13674|2.021|0.015|1.006
DATA=2454690.14045|2.044|0.016|1.008
DATA=2454690.1442|2.086|0.016|1.011
DATA=2454690.14791|2.117|0.017|1.014
DATA=2454690.15161|2.1|0.017|1.017
DATA=2454690.15534|2.108|0.017|1.021
DATA=2454690.15905|2.132|0.017|1.025
DATA=2454690.16276|2.114|0.017|1.03
DATA=2454690.16646|2.122|0.017|1.034
DATA=2454690.17017|2.124|0.017|1.04
DATA=2454690.17387|2.137|0.017|1.046
DATA=2454690.17773|2.081|0.016|1.052
DATA=2454690.18144|2.072|0.016|1.059
DATA=2454690.18542|2.086|0.017|1.066
DATA=2454690.18913|2.101|0.022|1.074
DATA=2454690.19282|2.071|0.026|1.082
ENDDATA
