STARTMETADATA
REVISEDDATA=FALSE
OBJECTNUMBER=18486
OBJECTNAME=1996 AS2
MPCDESIG=1996 AS2
SESSIONDATE=2013-03-02
SESSIONTIME=07:00:00
CONTACTNAME=B. D. Warner
CONTACTINFO=B. D. Warner, 446 Sycamore Ave., Eaton, CO, USA
OBSERVERS=B. D. Warner
OBSLONGITUDE=-104.750556
OBSLATITUDE=+39.092778
OBJECTRA=10:42
OBJECTDEC=+10
PHASE=+1.54
PABL=+158.6
PABB=+2.2
FILTER=C
MAGBAND=V
CICORRECTION=TRUE
CIBAND=VR
CITARGET=+0.450
DIFFERMAGS=FALSE
MAGADJUST=0.0
STANDARD=INTERNAL
LTCAPP=NONE
LTCDAYS=-0.011011
LTCTYPE=NONE
REDUCEDMAGS=NONE
UCORMAG=-3.7122
PUBLICATION=
BIBCODE=
COMMENT=Unless otherwise stated, the long/lat are for the observer location
DELIMITER=PIPE
COMPNAME1=104221.46 +110003.8
COMPRA1=10:42:21.44
COMPDEC1=+11:00:03.7
COMPMAG1=14.871
COMPCI1=0.42
COMPNAME2=104226.32 +105946.2
COMPRA2=10:42:26.33
COMPDEC2=+10:59:46.4
COMPMAG2=14.422
COMPCI2=0.37
COMPNAME3=104250.85 +110602.5
COMPRA3=10:42:50.83
COMPDEC3=+11:06:02.5
COMPMAG3=14.202
COMPCI3=0.343
COMPNAME4=104231.23 +110502.4
COMPRA4=10:42:31.25
COMPDEC4=+11:05:02.4
COMPMAG4=14.794
COMPCI4=0.413
ENDMETADATA
DATA=2456353.59632|17.517|0.054|2.729
DATA=2456353.59938|17.52|0.05|2.63
DATA=2456353.60244|17.578|0.049|2.539
DATA=2456353.60548|17.661|0.052|2.455
DATA=2456353.61155|17.635|0.045|2.305
DATA=2456353.65029|17.51|0.035|1.692
DATA=2456353.65333|17.557|0.042|1.66
DATA=2456353.65638|17.532|0.04|1.63
DATA=2456353.65943|17.481|0.068|1.601
DATA=2456353.66955|17.469|0.091|1.517
DATA=2456353.68176|17.632|0.06|1.431
DATA=2456353.68482|17.645|0.04|1.413
DATA=2456353.68787|17.738|0.044|1.395
DATA=2456353.69093|17.747|0.04|1.378
DATA=2456353.694|17.776|0.038|1.362
DATA=2456353.69703|17.763|0.039|1.347
DATA=2456353.70626|17.728|0.036|1.305
DATA=2456353.70931|17.657|0.04|1.292
DATA=2456353.71235|17.653|0.038|1.28
DATA=2456353.71539|17.57|0.036|1.269
DATA=2456353.71843|17.633|0.042|1.259
DATA=2456353.72146|17.624|0.036|1.249
DATA=2456353.72451|17.569|0.033|1.239
DATA=2456353.72752|17.533|0.039|1.23
DATA=2456353.73059|17.507|0.054|1.222
DATA=2456353.73364|17.525|0.073|1.214
DATA=2456353.82067|17.404|0.061|1.16
DATA=2456353.82371|17.432|0.045|1.164
DATA=2456353.82677|17.505|0.047|1.168
DATA=2456353.82982|17.462|0.036|1.173
DATA=2456353.83288|17.685|0.047|1.178
DATA=2456353.83594|17.653|0.073|1.183
DATA=2456353.85539|17.657|0.047|1.229
DATA=2456353.86455|17.578|0.052|1.257
DATA=2456353.86761|17.569|0.044|1.268
DATA=2456353.87369|17.538|0.044|1.29
DATA=2456353.87673|17.562|0.045|1.303
DATA=2456353.87979|17.518|0.044|1.316
DATA=2456353.88938|17.544|0.044|1.361
DATA=2456353.89549|17.521|0.044|1.395
DATA=2456353.89855|17.518|0.044|1.412
DATA=2456353.90161|17.531|0.045|1.431
DATA=2456353.90465|17.555|0.047|1.451
DATA=2456353.9077|17.629|0.049|1.471
DATA=2456353.91076|17.65|0.052|1.493
DATA=2456353.91382|17.65|0.054|1.516
DATA=2456353.91687|17.643|0.057|1.54
DATA=2456353.92563|17.661|0.054|1.616
DATA=2456353.92867|17.668|0.057|1.646
DATA=2456353.93172|17.63|0.054|1.677
DATA=2456353.93478|17.642|0.06|1.709
DATA=2456353.93782|17.591|0.06|1.744
DATA=2456353.94088|17.548|0.057|1.78
DATA=2456353.947|17.601|0.064|1.86
DATA=2456353.95006|17.494|0.06|1.903
DATA=2456353.95312|17.566|0.073|1.949
ENDDATA
