STARTMETADATA
REVISEDDATA=FALSE
OBJECTNUMBER=382490
OBJECTNAME=2001 GU8
MPCDESIG=2001 GU8
SESSIONDATE=2011-03-15
SESSIONTIME=07:00:00
CONTACTNAME=B. D. Warner
CONTACTINFO=brian@MinorPlanetObserver.com
OBSERVERS=Warner, B.D.
OBSLONGITUDE=-104.750556
OBSLATITUDE=+39.092778
OBJECTRA=11:24
OBJECTDEC=+17
PHASE=+8.72
PABL=+167.5
PABB=+9.1
FILTER=C
MAGBAND=R
CICORRECTION=TRUE
CIBAND=VR
CITARGET=+0.450
DIFFERMAGS=FALSE
MAGADJUST=0.0
STANDARD=INTERNAL
LTCAPP=NONE
LTCDAYS=-0.004596
LTCTYPE=NONE
REDUCEDMAGS=NONE
UCORMAG=-0.7501
PUBLICATION=
BIBCODE=
COMMENT=Observer Instrumentation: 0.35m f/9.1 SCT/SBIG STL-1001E
DELIMITER=PIPE
COMPNAME1=112442.75 +173700.3
COMPRA1=11:24:42.75
COMPDEC1=+17:37:00.3
COMPMAG1=13.957
COMPCI1=0.467
COMPNAME2=112408.47 +174000.5
COMPRA2=11:24:07.93
COMPDEC2=+17:39:46.8
COMPMAG2=13.848
COMPCI2=0.389
ENDMETADATA
DATA=2455635.75376|18.064|0.061|1.097
DATA=2455635.75677|18.01|0.058|1.094
DATA=2455635.75975|18.007|0.057|1.091
DATA=2455635.76875|18.015|0.057|1.084
DATA=2455635.77173|18.06|0.057|1.082
DATA=2455635.77471|18.206|0.068|1.081
DATA=2455635.77772|18.183|0.064|1.08
DATA=2455635.7807|18.126|0.061|1.079
DATA=2455635.79159|18.311|0.073|1.079
DATA=2455635.79458|18.47|0.084|1.08
DATA=2455635.7976|18.468|0.084|1.081
DATA=2455635.8006|18.555|0.091|1.082
DATA=2455635.80361|18.546|0.099|1.083
DATA=2455635.81566|18.815|0.121|1.093
DATA=2455635.82442|18.777|0.121|1.103
DATA=2455635.82745|18.826|0.121|1.108
DATA=2455635.83047|18.883|0.121|1.112
DATA=2455635.83346|18.715|0.109|1.117
DATA=2455635.83646|18.649|0.099|1.122
DATA=2455635.83948|18.63|0.099|1.128
DATA=2455635.84548|18.479|0.091|1.14
DATA=2455635.84847|18.482|0.091|1.147
DATA=2455635.85148|18.499|0.099|1.154
DATA=2455635.85955|18.503|0.091|1.176
DATA=2455635.86258|18.436|0.084|1.185
DATA=2455635.86857|18.292|0.078|1.204
DATA=2455635.87157|18.379|0.084|1.214
DATA=2455635.87458|18.388|0.084|1.225
DATA=2455635.87759|18.26|0.073|1.236
DATA=2455635.8806|18.233|0.073|1.248
DATA=2455635.88358|18.152|0.064|1.261
DATA=2455635.8866|18.184|0.064|1.274
DATA=2455635.89473|17.932|0.055|1.312
DATA=2455635.90375|17.951|0.055|1.361
DATA=2455635.90675|17.971|0.055|1.379
DATA=2455635.90973|18.022|0.057|1.398
DATA=2455635.91275|18.063|0.057|1.417
DATA=2455635.91575|18.114|0.061|1.438
DATA=2455635.92951|18.315|0.068|1.546
DATA=2455635.93551|18.253|0.064|1.601
DATA=2455635.93849|18.298|0.068|1.63
DATA=2455635.9415|18.278|0.064|1.661
DATA=2455635.94449|18.347|0.068|1.694
ENDDATA
