STARTMETADATA
REVISEDDATA=FALSE
OBJECTNUMBER=23225
OBJECTNAME=2000 WD25
MPCDESIG=2000 WD25
SESSIONDATE=2011-10-20
SESSIONTIME=14:00:00
CONTACTNAME=D. J. Higgins
CONTACTINFO=higginsdj@bigpond.com
OBSERVERS=D. J. Higgins
OBSLONGITUDE=+149.110000
OBSLATITUDE=-35.162417
OBJECTRA=02:35
OBJECTDEC=-04
PHASE=+11.18
PABL=+32.6
PABB=-13.7
FILTER=C
MAGBAND=R
CICORRECTION=FALSE
CIBAND=NONE
CITARGET=+0.000
DIFFERMAGS=TRUE
MAGADJUST=0.0
STANDARD=NONE
LTCAPP=NONE
LTCDAYS=-0.004806
LTCTYPE=NONE
REDUCEDMAGS=NONE
UCORMAG=-0.8782
PUBLICATION=
BIBCODE=
COMMENT=Observer Instrumentation: FP - Meade 14" LX200/SBIG STL-1001E
DELIMITER=PIPE
COMPNAME1=023548.22 -043334.7
COMPRA1=02:35:48.21
COMPDEC1=-04:33:34.5
COMPMAG1=14.338
COMPCI1=0.459
COMPNAME2=023531.26 -043038.7
COMPRA2=02:35:31.26
COMPDEC2=-04:30:38.7
COMPMAG2=13.822
COMPCI2=0.482
COMPNAME3=023534.14 -043809.9
COMPRA3=02:35:34.15
COMPDEC3=-04:38:09.7
COMPMAG3=14.703
COMPCI3=0.434
COMPNAME4=023554.19 -043837.4
COMPRA4=02:35:54.20
COMPDEC4=-04:38:37.3
COMPMAG4=14.659
COMPCI4=0.44
COMPNAME5=023510.84 -043724.2
COMPRA5=02:35:10.86
COMPDEC5=-04:37:24.1
COMPMAG5=15.138
COMPCI5=0.375
ENDMETADATA
DATA=2455854.94808|0.999|0.017|2.211
DATA=2455854.96972|0.986|0.013|1.838
DATA=2455854.9931|0.956|0.014|1.581
DATA=2455854.99538|0.992|0.012|1.561
DATA=2455854.9977|0.993|0.012|1.542
DATA=2455855.01169|1.007|0.012|1.441
DATA=2455855.01399|1.003|0.013|1.427
DATA=2455855.01626|1.01|0.012|1.413
DATA=2455855.03045|0.979|0.011|1.339
DATA=2455855.03273|1.015|0.012|1.329
DATA=2455855.03502|0.988|0.011|1.319
DATA=2455855.04905|1.029|0.011|1.266
DATA=2455855.05134|1.03|0.011|1.259
DATA=2455855.05366|1.035|0.011|1.252
DATA=2455855.06766|1.054|0.012|1.216
DATA=2455855.06997|1.075|0.011|1.211
DATA=2455855.07223|1.085|0.011|1.207
DATA=2455855.08698|1.116|0.011|1.184
DATA=2455855.08928|1.091|0.011|1.181
DATA=2455855.09159|1.067|0.01|1.179
DATA=2455855.10603|1.067|0.01|1.169
DATA=2455855.10835|1.074|0.01|1.168
DATA=2455855.11065|1.075|0.01|1.168
DATA=2455855.12293|1.042|0.011|1.17
DATA=2455855.12523|1.054|0.01|1.171
DATA=2455855.12755|1.038|0.01|1.172
DATA=2455855.13987|1.004|0.012|1.183
DATA=2455855.14218|0.972|0.01|1.186
DATA=2455855.14448|0.987|0.01|1.189
DATA=2455855.15653|0.962|0.014|1.209
DATA=2455855.15882|0.999|0.011|1.214
DATA=2455855.16112|0.954|0.01|1.219
DATA=2455855.17343|0.973|0.011|1.251
DATA=2455855.17571|1.013|0.011|1.258
DATA=2455855.17801|0.986|0.011|1.265
DATA=2455855.1926|1.009|0.011|1.32
DATA=2455855.1949|1.012|0.012|1.33
DATA=2455855.20726|1.036|0.012|1.391
DATA=2455855.20954|1.029|0.012|1.404
DATA=2455855.21184|1.049|0.012|1.417
DATA=2455855.22399|1.019|0.013|1.498
DATA=2455855.22627|1.011|0.013|1.515
DATA=2455855.22859|1.022|0.013|1.533
DATA=2455855.24065|1.048|0.014|1.641
DATA=2455855.24295|1.042|0.014|1.664
DATA=2455855.24526|1.07|0.014|1.688
DATA=2455855.25719|1.048|0.02|1.832
DATA=2455855.25948|1.023|0.02|1.864
DATA=2455855.26179|1.053|0.02|1.897
ENDDATA
