STARTMETADATA
REVISEDDATA=FALSE
OBJECTNUMBER=14269
OBJECTNAME=2000 AH182
MPCDESIG=2000 AH182
SESSIONDATE=2007-07-11
SESSIONTIME=16:17:00
CONTACTNAME=D. Higgins
CONTACTINFO=higginsdj@bigpond.com
OBSERVERS=Higgins, D.
OBSLONGITUDE=+129.100000
OBSLATITUDE=-35.150000
OBJECTRA=22:42
OBJECTDEC=-02
PHASE=+19.74
PABL=+331.4
PABB=+4.8
FILTER=C
MAGBAND=R
CICORRECTION=FALSE
CIBAND=NONE
CITARGET=+0.000
DIFFERMAGS=TRUE
MAGADJUST=0.0
STANDARD=NONE
LTCAPP=NONE
LTCDAYS=-0.009205
LTCTYPE=NONE
REDUCEDMAGS=NONE
UCORMAG=-2.8810
PUBLICATION=
BIBCODE=
DELIMITER=PIPE
COMPNAME5=22 41.60 / - 1 54.8
COMPRA5=
COMPDEC5=
COMPMAG5=0.0
COMPCI5=0.0
COMPNAME4=22 41.47 / - 2 00.0
COMPRA4=
COMPDEC4=
COMPMAG4=0.0
COMPCI4=0.0
COMPNAME3=22 41.99 / - 2 04.1
COMPRA3=
COMPDEC3=
COMPMAG3=0.0
COMPCI3=0.0
COMPNAME2=22 42.07 / - 2 03.0
COMPRA2=
COMPDEC2=
COMPMAG2=0.0
COMPCI2=0.0
COMPNAME1=22 41.84 / - 2 00.0
COMPRA1=
COMPDEC1=
COMPMAG1=0.0
COMPCI1=0.0
ENDMETADATA
DATA=2454293.05894|1.721|0.033|2.395
DATA=2454293.08375|1.714|0.027|1.91
DATA=2454293.09933|1.751|0.027|1.712
DATA=2454293.11499|1.73|0.024|1.564
DATA=2454293.13152|1.712|0.023|1.446
DATA=2454293.14704|1.761|0.023|1.363
DATA=2454293.16345|1.82|0.024|1.297
DATA=2454293.17904|1.763|0.023|1.251
DATA=2454293.19461|1.783|0.024|1.22
DATA=2454293.21108|1.836|0.024|1.2
DATA=2454293.22642|1.763|0.024|1.193
DATA=2454293.24304|1.851|0.025|1.199
DATA=2454293.25884|1.864|0.026|1.216
DATA=2454293.27532|1.806|0.027|1.247
DATA=2454293.29107|1.856|0.028|1.291
ENDDATA
