STARTMETADATA
REVISEDDATA=FALSE
OBJECTNUMBER=65739
OBJECTNAME=1993 SG13
MPCDESIG=1993 SG13
SESSIONDATE=2011-02-13
SESSIONTIME=07:00:00
CONTACTNAME=B. D. Warner
CONTACTINFO=brian@MinorPlanetObserver.com
OBSERVERS=Warner, B.D.
OBSLONGITUDE=-104.750000
OBSLATITUDE=+39.083333
OBJECTRA=09:57
OBJECTDEC=+02
PHASE=+3.63
PABL=+149.6
PABB=-8.0
FILTER=C
MAGBAND=R
CICORRECTION=TRUE
CIBAND=VR
CITARGET=+0.450
DIFFERMAGS=FALSE
MAGADJUST=0.0
STANDARD=INTERNAL
LTCAPP=NONE
LTCDAYS=-0.012413
LTCTYPE=NONE
REDUCEDMAGS=NONE
UCORMAG=-4.1364
PUBLICATION=
BIBCODE=
COMMENT=Canopus MPC Contact1: CONTACT1
DELIMITER=PIPE
COMPNAME1=095710.33 +022207.6
COMPRA1=09:57:10.30
COMPDEC1=+02:22:08.0
COMPMAG1=14.15
COMPCI1=0.385
COMPNAME2=095727.41 +022249.5
COMPRA2=09:57:27.41
COMPDEC2=+02:22:49.4
COMPMAG2=14.115
COMPCI2=0.422
COMPNAME3=095703.95 +021840.9
COMPRA3=09:57:03.93
COMPDEC3=+02:18:40.9
COMPMAG3=14.752
COMPCI3=0.37
COMPNAME4=095730.64 +022342.9
COMPRA4=09:57:30.62
COMPDEC4=+02:23:43.0
COMPMAG4=13.729
COMPCI4=0.451
ENDMETADATA
DATA=2455605.79792|19.021|0.181|1.255
DATA=2455605.80084|18.82|0.136|1.254
DATA=2455605.80375|18.815|0.155|1.253
DATA=2455605.80665|19.046|0.181|1.252
DATA=2455605.80956|18.714|0.121|1.252
DATA=2455605.81247|18.951|0.155|1.253
DATA=2455605.81538|18.915|0.155|1.254
DATA=2455605.81829|18.839|0.155|1.255
DATA=2455605.83445|18.841|0.155|1.269
DATA=2455605.83736|18.923|0.155|1.273
DATA=2455605.84027|18.817|0.136|1.277
DATA=2455605.8432|18.979|0.181|1.282
DATA=2455605.84612|18.876|0.155|1.287
DATA=2455605.84902|19.154|0.181|1.293
DATA=2455605.85193|19.074|0.181|1.3
DATA=2455605.85483|19.213|0.217|1.306
DATA=2455605.86855|19.187|0.217|1.345
DATA=2455605.87146|19.118|0.181|1.355
DATA=2455605.87437|18.916|0.155|1.365
DATA=2455605.88019|18.813|0.155|1.388
DATA=2455605.8831|18.88|0.181|1.4
DATA=2455605.88601|18.913|0.155|1.413
DATA=2455605.89185|19.069|0.217|1.441
DATA=2455605.90418|19.172|0.217|1.511
DATA=2455605.9071|19.022|0.271|1.53
DATA=2455605.91001|18.884|0.362|1.55
DATA=2455605.91292|19.25|0.362|1.571
DATA=2455605.91873|18.911|0.181|1.616
DATA=2455605.92165|18.843|0.155|1.641
ENDDATA
