STARTMETADATA
REVISEDDATA=FALSE
OBJECTNUMBER=60216
OBJECTNAME=1999 VG82
MPCDESIG=1999 VG82
SESSIONDATE=2006-07-30
SESSIONTIME=13:49:00
CONTACTNAME=J. Oey
CONTACTINFO=julianoey1@optusnet.com.au
OBSERVERS=Oey, J.
OBSLONGITUDE=+105.341667
OBSLATITUDE=-33.706667
OBJECTRA=19:50
OBJECTDEC=-09
PHASE=+9.22
PABL=+300.8
PABB=+7.9
FILTER=C
MAGBAND=R
CICORRECTION=FALSE
CIBAND=NONE
CITARGET=+0.000
DIFFERMAGS=TRUE
MAGADJUST=0.0
STANDARD=NONE
LTCAPP=NONE
LTCDAYS=-0.003540
LTCTYPE=NONE
REDUCEDMAGS=NONE
UCORMAG=+0.0199
PUBLICATION=
BIBCODE=
DELIMITER=PIPE
COMPNAME1=X:119.79/Y:50.31
COMPRA1=
COMPDEC1=
COMPMAG1=0.0
COMPCI1=0.0
COMPNAME2=X:165.51/Y:34.72
COMPRA2=
COMPDEC2=
COMPMAG2=0.0
COMPCI2=0.0
COMPNAME3=X:125.42/Y:8.79
COMPRA3=
COMPDEC3=
COMPMAG3=0.0
COMPCI3=0.0
COMPNAME4=X:207.01/Y:100.06
COMPRA4=
COMPDEC4=
COMPMAG4=0.0
COMPCI4=0.0
COMPNAME5=X:236.20/Y:106.13
COMPRA5=
COMPDEC5=
COMPMAG5=0.0
COMPCI5=0.0
ENDMETADATA
DATA=2453947.0777|0.865|0.016|1.112
DATA=2453947.08127|0.882|0.013|1.116
DATA=2453947.08482|0.902|0.014|1.12
DATA=2453947.08839|0.943|0.014|1.125
DATA=2453947.09196|0.975|0.015|1.13
DATA=2453947.09551|0.996|0.015|1.136
DATA=2453947.09906|1.029|0.015|1.143
DATA=2453947.10264|1.118|0.018|1.15
DATA=2453947.1062|1.128|0.018|1.158
DATA=2453947.10976|1.109|0.018|1.166
DATA=2453947.11334|1.165|0.019|1.175
DATA=2453947.1169|1.142|0.019|1.185
DATA=2453947.12044|1.055|0.018|1.196
DATA=2453947.124|0.994|0.017|1.207
DATA=2453947.12756|0.95|0.017|1.219
DATA=2453947.1311|0.881|0.016|1.231
DATA=2453947.13464|0.794|0.015|1.245
DATA=2453947.1382|0.742|0.014|1.259
DATA=2453947.14176|0.745|0.014|1.275
DATA=2453947.14531|0.712|0.014|1.291
DATA=2453947.14886|0.761|0.015|1.308
DATA=2453947.15241|0.753|0.015|1.327
DATA=2453947.15597|0.784|0.016|1.346
DATA=2453947.15951|0.759|0.015|1.367
DATA=2453947.16306|0.742|0.016|1.389
DATA=2453947.16661|0.755|0.016|1.412
DATA=2453947.17016|0.826|0.017|1.437
DATA=2453947.17372|0.821|0.016|1.463
DATA=2453947.17727|0.831|0.018|1.491
DATA=2453947.18082|0.833|0.018|1.521
DATA=2453947.18437|0.813|0.019|1.552
DATA=2453947.18792|0.878|0.02|1.586
DATA=2453947.19147|0.913|0.02|1.621
DATA=2453947.19502|0.916|0.02|1.66
DATA=2453947.19857|0.923|0.022|1.7
DATA=2453947.20213|0.94|0.021|1.744
DATA=2453947.20568|1.057|0.024|1.79
DATA=2453947.20923|1.068|0.025|1.84
ENDDATA
