STARTMETADATA
REVISEDDATA=FALSE
OBJECTNUMBER=29818
OBJECTNAME=Aryosorayya
MPCDESIG=1999 CM117
SESSIONDATE=2013-05-01
SESSIONTIME=14:00:00
CONTACTNAME=J. Oey
CONTACTINFO=J. Oey, 94 Rawson Pde. NSW 2780
OBSERVERS=J. Oey
OBSLONGITUDE=+150.341667
OBSLATITUDE=-33.706667
OBJECTRA=14:11
OBJECTDEC=-12
PHASE=+2.84
PABL=+216.3
PABB=+0.7
FILTER=C
MAGBAND=R
CICORRECTION=FALSE
CIBAND=NONE
CITARGET=+0.000
DIFFERMAGS=FALSE
MAGADJUST=0.0
STANDARD=INTERNAL
LTCAPP=NONE
LTCDAYS=-0.007170
LTCTYPE=NONE
REDUCEDMAGS=NONE
UCORMAG=-2.2285
PUBLICATION=
BIBCODE=
COMMENT=Observer Instrumentation: 0.35m f/5.9 SCT/SBIG ST-8XME
DELIMITER=PIPE
COMPNAME1=141126.97 -121148.9
COMPRA1=14:11:26.97
COMPDEC1=-12:11:48.6
COMPMAG1=14.236
COMPCI1=0.511
COMPNAME2=141130.24 -121229.8
COMPRA2=14:11:30.21
COMPDEC2=-12:12:29.4
COMPMAG2=13.732
COMPCI2=0.538
COMPNAME3=141124.21 -121425.6
COMPRA3=14:11:24.20
COMPDEC3=-12:14:25.8
COMPMAG3=12.679
COMPCI3=0.493
COMPNAME4=141137.16 -121325.2
COMPRA4=14:11:37.32
COMPDEC4=-12:13:26.0
COMPMAG4=12.645
COMPCI4=0.384
COMPNAME5=141137.69 -121033.8
COMPRA5=14:11:37.70
COMPDEC5=-12:10:33.6
COMPMAG5=12.095
COMPCI5=0.387
ENDMETADATA
DATA=2456414.032|16.94|0.024|
DATA=2456414.03574|16.931|0.024|
DATA=2456414.03948|16.915|0.025|
DATA=2456414.04323|16.939|0.025|
DATA=2456414.04697|16.954|0.025|
DATA=2456414.05071|16.96|0.025|
DATA=2456414.05445|16.98|0.026|
DATA=2456414.0582|16.934|0.027|
DATA=2456414.06194|16.95|0.027|
DATA=2456414.06569|16.996|0.026|
DATA=2456414.06943|16.953|0.025|
DATA=2456414.07317|16.876|0.024|
DATA=2456414.07692|16.936|0.025|
DATA=2456414.08066|16.92|0.025|
DATA=2456414.08441|16.966|0.027|
DATA=2456414.08815|16.966|0.026|
DATA=2456414.0919|17.018|0.027|
DATA=2456414.09564|17.01|0.027|
DATA=2456414.09938|16.977|0.027|
DATA=2456414.10349|17.005|0.027|
DATA=2456414.10723|16.952|0.026|
DATA=2456414.11098|16.961|0.027|
DATA=2456414.11472|16.984|0.027|
DATA=2456414.11846|16.99|0.028|
DATA=2456414.12221|16.996|0.028|
DATA=2456414.12595|17.007|0.029|
DATA=2456414.12969|16.997|0.028|
DATA=2456414.13344|16.978|0.028|
DATA=2456414.13718|17.029|0.03|
DATA=2456414.14125|16.975|0.029|
DATA=2456414.14499|16.992|0.029|
DATA=2456414.14873|17.006|0.029|
DATA=2456414.15247|17.054|0.032|
DATA=2456414.15621|17.114|0.033|
DATA=2456414.15996|17.098|0.033|
DATA=2456414.1637|17.019|0.031|
DATA=2456414.16745|17.022|0.031|
DATA=2456414.17119|17.105|0.034|
DATA=2456414.17494|17.178|0.036|
DATA=2456414.17868|17.167|0.037|
DATA=2456414.18243|17.174|0.037|
DATA=2456414.18617|17.18|0.037|
DATA=2456414.18992|17.148|0.037|
DATA=2456414.19366|17.147|0.037|
DATA=2456414.1974|17.211|0.042|
DATA=2456414.20114|17.17|0.04|
DATA=2456414.20489|17.183|0.042|
DATA=2456414.20863|17.23|0.043|
DATA=2456414.21238|17.285|0.047|
DATA=2456414.21612|17.271|0.047|
DATA=2456414.21986|17.288|0.049|
DATA=2456414.22361|17.191|0.045|
DATA=2456414.22735|17.236|0.047|
DATA=2456414.23109|17.247|0.049|
DATA=2456414.23484|17.256|0.049|
DATA=2456414.23858|17.151|0.047|
DATA=2456414.24233|17.24|0.054|
DATA=2456414.24607|17.225|0.054|
DATA=2456414.24981|17.194|0.052|
ENDDATA
