STARTMETADATA
REVISEDDATA=FALSE
OBJECTNUMBER=6136
OBJECTNAME=Gryphon
MPCDESIG=1990 YH
SESSIONDATE=2008-04-03
SESSIONTIME=13:36:00
CONTACTNAME=J. Oey
CONTACTINFO=julianoey1@optusnet.com.au
OBSERVERS=Oey, J.
OBSLONGITUDE=+105.341667
OBSLATITUDE=-33.706667
OBJECTRA=15:21
OBJECTDEC=-02
PHASE=+11.25
PABL=+223.3
PABB=+13.3
FILTER=C
MAGBAND=R
CICORRECTION=FALSE
CIBAND=NONE
CITARGET=+0.000
DIFFERMAGS=TRUE
MAGADJUST=0.0
STANDARD=NONE
LTCAPP=NONE
LTCDAYS=-0.013091
LTCTYPE=NONE
REDUCEDMAGS=NONE
UCORMAG=-4.2500
PUBLICATION=
BIBCODE=
DELIMITER=PIPE
COMPNAME1=X:368.1 / Y:214.2
COMPRA1=
COMPDEC1=
COMPMAG1=0.0
COMPCI1=0.0
COMPNAME2=X:336.1 / Y:116.7
COMPRA2=
COMPDEC2=
COMPMAG2=0.0
COMPCI2=0.0
COMPNAME3=X:344.8 / Y:137.8
COMPRA3=
COMPDEC3=
COMPMAG3=0.0
COMPCI3=0.0
COMPNAME4=X:350.1 / Y:353.3
COMPRA4=
COMPDEC4=
COMPMAG4=0.0
COMPCI4=0.0
COMPNAME5=X:248.4 / Y:407.5
COMPRA5=
COMPDEC5=
COMPMAG5=0.0
COMPCI5=0.0
ENDMETADATA
DATA=2454560.06861|1.648|0.015|1.59
DATA=2454560.07229|1.664|0.015|1.558
DATA=2454560.07596|1.618|0.014|1.528
DATA=2454560.07963|1.601|0.014|1.5
DATA=2454560.08329|1.593|0.014|1.474
DATA=2454560.08698|1.569|0.013|1.449
DATA=2454560.09067|1.571|0.013|1.426
DATA=2454560.09435|1.539|0.013|1.404
DATA=2454560.09804|1.55|0.013|1.384
DATA=2454560.10171|1.538|0.013|1.365
DATA=2454560.10547|1.525|0.013|1.346
DATA=2454560.1092|1.511|0.012|1.329
DATA=2454560.11293|1.517|0.012|1.314
DATA=2454560.11661|1.52|0.013|1.299
DATA=2454560.12028|1.497|0.012|1.286
DATA=2454560.12396|1.484|0.012|1.273
DATA=2454560.1277|1.479|0.012|1.261
DATA=2454560.13137|1.464|0.012|1.25
DATA=2454560.13505|1.452|0.011|1.24
DATA=2454560.13873|1.441|0.011|1.231
DATA=2454560.14242|1.451|0.012|1.222
DATA=2454560.1461|1.454|0.011|1.215
DATA=2454560.14979|1.453|0.011|1.208
DATA=2454560.15346|1.462|0.012|1.201
DATA=2454560.15714|1.468|0.012|1.196
DATA=2454560.16081|1.485|0.012|1.191
DATA=2454560.16449|1.488|0.012|1.187
DATA=2454560.16816|1.51|0.012|1.183
DATA=2454560.17184|1.487|0.012|1.18
DATA=2454560.17556|1.481|0.012|1.178
DATA=2454560.17923|1.529|0.012|1.176
DATA=2454560.1829|1.511|0.012|1.175
DATA=2454560.1866|1.513|0.012|1.174
ENDDATA
